행정기관코드,기준연월,시도명,시군구명,읍면동명,전체 전월인구수,전월 남자인구수,전월 여자인구수,전체 당월인구수,당월 남자인구수,당월 여자인구수,전체 인구증감,남자 인구증감,여자 인구증감
1111051500,2023-05-31,서울특별시,종로구,청운효자동,11531,5280,6251,11517,5282,6235,-14,2,-16
1111053000,2023-05-31,서울특별시,종로구,사직동,9104,4047,5057,9104,4040,5064,0,-7,7
1111054000,2023-05-31,서울특별시,종로구,삼청동,2301,1096,1205,2291,1094,1197,-10,-2,-8
1111055000,2023-05-31,서울특별시,종로구,부암동,9168,4334,4834,9133,4319,4814,-35,-15,-20
1111056000,2023-05-31,서울특별시,종로구,평창동,17520,8184,9336,17464,8143,9321,-56,-41,-15
1111057000,2023-05-31,서울특별시,종로구,무악동,8008,3684,4324,8000,3681,4319,-8,-3,-5
1111058000,2023-05-31,서울특별시,종로구,교남동,9764,4484,5280,9759,4488,5271,-5,4,-9
1111060000,2023-05-31,서울특별시,종로구,가회동,3939,1835,2104,3926,1824,2102,-13,-11,-2
1111061500,2023-05-31,서울특별시,종로구,종로1.2.3.4가동,6737,4097,2640,6722,4091,2631,-15,-6,-9
1111063000,2023-05-31,서울특별시,종로구,종로5.6가동,5419,2857,2562,5426,2867,2559,7,10,-3
1111064000,2023-05-31,서울특별시,종로구,이화동,7046,3342,3704,7031,3340,3691,-15,-2,-13
1111065000,2023-05-31,서울특별시,종로구,혜화동,16097,7722,8375,16080,7699,8381,-17,-23,6
1111067000,2023-05-31,서울특별시,종로구,창신제1동,4630,2452,2178,4611,2439,2172,-19,-13,-6
1111068000,2023-05-31,서울특별시,종로구,창신제2동,7625,3921,3704,7598,3911,3687,-27,-10,-17
1111069000,2023-05-31,서울특별시,종로구,창신제3동,6424,3154,3270,6417,3145,3272,-7,-9,2
1111070000,2023-05-31,서울특별시,종로구,숭인제1동,5778,2786,2992,5768,2784,2984,-10,-2,-8
1111071000,2023-05-31,서울특별시,종로구,숭인제2동,9800,4804,4996,9754,4776,4978,-46,-28,-18
1114052000,2023-05-31,서울특별시,중구,소공동,2210,1047,1163,2215,1051,1164,5,4,1
1114054000,2023-05-31,서울특별시,중구,회현동,4490,2340,2150,4470,2326,2144,-20,-14,-6
1114055000,2023-05-31,서울특별시,중구,명동,2702,1149,1553,2698,1149,1549,-4,0,-4
1114057000,2023-05-31,서울특별시,중구,필동,3957,2055,1902,3958,2050,1908,1,-5,6
1114058000,2023-05-31,서울특별시,중구,장충동,4592,2424,2168,4591,2411,2180,-1,-13,12
1114059000,2023-05-31,서울특별시,중구,광희동,5620,2802,2818,5675,2829,2846,55,27,28
1114060500,2023-05-31,서울특별시,중구,을지로동,2307,1333,974,2515,1431,1084,208,98,110
1114061500,2023-05-31,서울특별시,중구,신당동,7567,3725,3842,7512,3705,3807,-55,-20,-35
1114062500,2023-05-31,서울특별시,중구,다산동,13419,6489,6930,13410,6487,6923,-9,-2,-7
1114063500,2023-05-31,서울특별시,중구,약수동,16315,7529,8786,16303,7521,8782,-12,-8,-4
1114064500,2023-05-31,서울특별시,중구,청구동,13125,6203,6922,13110,6193,6917,-15,-10,-5
1114065000,2023-05-31,서울특별시,중구,신당제5동,10160,4920,5240,10130,4905,5225,-30,-15,-15
1114066500,2023-05-31,서울특별시,중구,동화동,10008,4800,5208,9984,4806,5178,-24,6,-30
1114067000,2023-05-31,서울특별시,중구,황학동,12818,6081,6737,12818,6079,6739,0,-2,2
1114068000,2023-05-31,서울특별시,중구,중림동,11960,5909,6051,11957,5902,6055,-3,-7,4
1117051000,2023-05-31,서울특별시,용산구,후암동,16201,7876,8325,16172,7861,8311,-29,-15,-14
1117052000,2023-05-31,서울특별시,용산구,용산2가동,9010,4340,4670,9006,4348,4658,-4,8,-12
1117053000,2023-05-31,서울특별시,용산구,남영동,7023,4269,2754,6989,4241,2748,-34,-28,-6
1117055500,2023-05-31,서울특별시,용산구,청파동,19055,8870,10185,19070,8870,10200,15,0,15
1117056000,2023-05-31,서울특별시,용산구,원효로제1동,17168,7995,9173,17139,7975,9164,-29,-20,-9
1117057000,2023-05-31,서울특별시,용산구,원효로제2동,13705,6452,7253,13690,6432,7258,-15,-20,5
1117058000,2023-05-31,서울특별시,용산구,효창동,10754,5104,5650,10769,5117,5652,15,13,2
1117059000,2023-05-31,서울특별시,용산구,용문동,11483,5500,5983,11464,5497,5967,-19,-3,-16
1117062500,2023-05-31,서울특별시,용산구,한강로동,21149,10033,11116,21135,10024,11111,-14,-9,-5
1117063000,2023-05-31,서울특별시,용산구,이촌제1동,24969,11732,13237,25015,11747,13268,46,15,31
1117064000,2023-05-31,서울특별시,용산구,이촌제2동,7973,3735,4238,7979,3729,4250,6,-6,12
1117065000,2023-05-31,서울특별시,용산구,이태원제1동,6125,3029,3096,6108,3031,3077,-17,2,-19
1117066000,2023-05-31,서울특별시,용산구,이태원제2동,8670,4045,4625,8667,4050,4617,-3,5,-8
1117068500,2023-05-31,서울특별시,용산구,한남동,19207,9282,9925,19185,9268,9917,-22,-14,-8
1117069000,2023-05-31,서울특별시,용산구,서빙고동,12536,6032,6504,12527,6038,6489,-9,6,-15
1117070000,2023-05-31,서울특별시,용산구,보광동,12583,6286,6297,12523,6267,6256,-60,-19,-41
1120052000,2023-05-31,서울특별시,성동구,왕십리제2동,16251,7820,8431,16236,7816,8420,-15,-4,-11
1120053500,2023-05-31,서울특별시,성동구,왕십리도선동,26385,12426,13959,26423,12431,13992,38,5,33
1120054000,2023-05-31,서울특별시,성동구,마장동,21971,10838,11133,21914,10817,11097,-57,-21,-36
1120055000,2023-05-31,서울특별시,성동구,사근동,12100,6345,5755,12101,6341,5760,1,-4,5
1120056000,2023-05-31,서울특별시,성동구,행당제1동,13700,6585,7115,13750,6602,7148,50,17,33
1120057000,2023-05-31,서울특별시,성동구,행당제2동,22990,10709,12281,22988,10707,12281,-2,-2,0
1120058000,2023-05-31,서울특별시,성동구,응봉동,14951,7110,7841,14959,7104,7855,8,-6,14
1120059000,2023-05-31,서울특별시,성동구,금호1가동,14989,7142,7847,14947,7114,7833,-42,-28,-14
1120061500,2023-05-31,서울특별시,성동구,금호2.3가동,22108,10573,11535,22073,10557,11516,-35,-16,-19
1120062000,2023-05-31,서울특별시,성동구,금호4가동,14244,6750,7494,14264,6761,7503,20,11,9
1120064500,2023-05-31,서울특별시,성동구,옥수동,25503,11825,13678,25492,11824,13668,-11,-1,-10
1120065000,2023-05-31,서울특별시,성동구,성수1가제1동,15636,7767,7869,15630,7781,7849,-6,14,-20
1120066000,2023-05-31,서울특별시,성동구,성수1가제2동,12123,5919,6204,12091,5912,6179,-32,-7,-25
1120067000,2023-05-31,서울특별시,성동구,성수2가제1동,14972,7790,7182,14903,7734,7169,-69,-56,-13
1120069000,2023-05-31,서울특별시,성동구,성수2가제3동,10241,5116,5125,10207,5105,5102,-34,-11,-23
1120072000,2023-05-31,서울특별시,성동구,송정동,9969,5265,4704,9922,5244,4678,-47,-21,-26
1120079000,2023-05-31,서울특별시,성동구,용답동,11847,6079,5768,11860,6081,5779,13,2,11
1121571000,2023-05-31,서울특별시,광진구,화양동,23379,11116,12263,23406,11106,12300,27,-10,37
1121573000,2023-05-31,서울특별시,광진구,군자동,19286,9553,9733,19318,9553,9765,32,0,32
1121574000,2023-05-31,서울특별시,광진구,중곡제1동,15435,7346,8089,15416,7333,8083,-19,-13,-6
1121575000,2023-05-31,서울특별시,광진구,중곡제2동,20817,9804,11013,20801,9807,10994,-16,3,-19
1121576000,2023-05-31,서울특별시,광진구,중곡제3동,15920,7863,8057,15906,7858,8048,-14,-5,-9
1121577000,2023-05-31,서울특별시,광진구,중곡제4동,27874,13615,14259,27841,13588,14253,-33,-27,-6
1121578000,2023-05-31,서울특별시,광진구,능동,11163,5124,6039,11180,5130,6050,17,6,11
1121581000,2023-05-31,서울특별시,광진구,광장동,34062,16482,17580,34061,16489,17572,-1,7,-8
1121582000,2023-05-31,서울특별시,광진구,자양제1동,22089,10761,11328,22134,10772,11362,45,11,34
1121583000,2023-05-31,서울특별시,광진구,자양제2동,23743,11519,12224,23745,11521,12224,2,2,0
1121584000,2023-05-31,서울특별시,광진구,자양제3동,27465,13136,14329,27434,13104,14330,-31,-32,1
1121584700,2023-05-31,서울특별시,광진구,자양제4동,17976,8957,9019,17958,8932,9026,-18,-25,7
1121585000,2023-05-31,서울특별시,광진구,구의제1동,23364,11155,12209,23365,11174,12191,1,19,-18
1121586000,2023-05-31,서울특별시,광진구,구의제2동,25857,12380,13477,25875,12379,13496,18,-1,19
1121587000,2023-05-31,서울특별시,광진구,구의제3동,28128,13260,14868,28140,13274,14866,12,14,-2
1123053600,2023-05-31,서울특별시,동대문구,용신동,35393,17539,17854,35437,17527,17910,44,-12,56
1123054500,2023-05-31,서울특별시,동대문구,제기동,24104,12340,11764,24103,12340,11763,-1,0,-1
1123056000,2023-05-31,서울특별시,동대문구,전농제1동,28734,14281,14453,28722,14280,14442,-12,-1,-11
1123057000,2023-05-31,서울특별시,동대문구,전농제2동,18121,8680,9441,18104,8670,9434,-17,-10,-7
1123060000,2023-05-31,서울특별시,동대문구,답십리제1동,28067,13524,14543,28057,13516,14541,-10,-8,-2
1123061000,2023-05-31,서울특별시,동대문구,답십리제2동,27699,13394,14305,27699,13392,14307,0,-2,2
1123065000,2023-05-31,서울특별시,동대문구,장안제1동,37893,18720,19173,37814,18668,19146,-79,-52,-27
1123066000,2023-05-31,서울특별시,동대문구,장안제2동,32449,16077,16372,32488,16115,16373,39,38,1
1123070500,2023-05-31,서울특별시,동대문구,청량리동,18739,9299,9440,18853,9343,9510,114,44,70
1123071000,2023-05-31,서울특별시,동대문구,회기동,10496,4998,5498,10513,4994,5519,17,-4,21
1123072000,2023-05-31,서울특별시,동대문구,휘경제1동,13963,6577,7386,13943,6574,7369,-20,-3,-17
1123073000,2023-05-31,서울특별시,동대문구,휘경제2동,24493,12190,12303,24445,12179,12266,-48,-11,-37
1123074000,2023-05-31,서울특별시,동대문구,이문제1동,17968,8912,9056,17951,8884,9067,-17,-28,11
1123075000,2023-05-31,서울특별시,동대문구,이문제2동,19573,9405,10168,19551,9386,10165,-22,-19,-3
1126052000,2023-05-31,서울특별시,중랑구,면목제2동,23786,11841,11945,23770,11830,11940,-16,-11,-5
1126054000,2023-05-31,서울특별시,중랑구,면목제4동,18357,9131,9226,18370,9142,9228,13,11,2
1126055000,2023-05-31,서울특별시,중랑구,면목제5동,14681,7347,7334,14696,7354,7342,15,7,8
1126056500,2023-05-31,서울특별시,중랑구,면목본동,32948,16231,16717,32958,16259,16699,10,28,-18
1126057000,2023-05-31,서울특별시,중랑구,면목제7동,21433,10707,10726,21416,10692,10724,-17,-15,-2
1126057500,2023-05-31,서울특별시,중랑구,면목제3.8동,24698,12247,12451,24650,12211,12439,-48,-36,-12
1126058000,2023-05-31,서울특별시,중랑구,상봉제1동,23379,11351,12028,23367,11350,12017,-12,-1,-11
1126059000,2023-05-31,서울특별시,중랑구,상봉제2동,20215,9704,10511,20247,9725,10522,32,21,11
1126060000,2023-05-31,서울특별시,중랑구,중화제1동,19037,9358,9679,18987,9332,9655,-50,-26,-24
1126061000,2023-05-31,서울특별시,중랑구,중화제2동,24315,12469,11846,24255,12455,11800,-60,-14,-46
1126062000,2023-05-31,서울특별시,중랑구,묵제1동,33983,16237,17746,33929,16208,17721,-54,-29,-25
1126063000,2023-05-31,서울특별시,중랑구,묵제2동,18354,8964,9390,18355,8976,9379,1,12,-11
1126065500,2023-05-31,서울특별시,중랑구,망우본동,35576,17573,18003,35607,17587,18020,31,14,17
1126066000,2023-05-31,서울특별시,중랑구,망우제3동,15882,7986,7896,15847,7958,7889,-35,-28,-7
1126068000,2023-05-31,서울특별시,중랑구,신내1동,38332,18509,19823,38326,18515,19811,-6,6,-12
1126069000,2023-05-31,서울특별시,중랑구,신내2동,19891,9444,10447,19870,9425,10445,-21,-19,-2
1129052500,2023-05-31,서울특별시,성북구,성북동,16156,7507,8649,16091,7474,8617,-65,-33,-32
1129055500,2023-05-31,서울특별시,성북구,삼선동,22489,10675,11814,22466,10662,11804,-23,-13,-10
1129057500,2023-05-31,서울특별시,성북구,동선동,15027,6207,8820,15030,6206,8824,3,-1,4
1129058000,2023-05-31,서울특별시,성북구,돈암제1동,14375,6691,7684,14349,6684,7665,-26,-7,-19
1129059000,2023-05-31,서울특별시,성북구,돈암제2동,23520,11114,12406,23528,11126,12402,8,12,-4
1129060000,2023-05-31,서울특별시,성북구,안암동,15110,7608,7502,15120,7618,7502,10,10,0
1129061000,2023-05-31,서울특별시,성북구,보문동,16282,7783,8499,16305,7801,8504,23,18,5
1129062000,2023-05-31,서울특별시,성북구,정릉제1동,17861,8550,9311,17861,8553,9308,0,3,-3
1129063000,2023-05-31,서울특별시,성북구,정릉제2동,22627,10934,11693,22675,10953,11722,48,19,29
1129064000,2023-05-31,서울특별시,성북구,정릉제3동,15126,7540,7586,15154,7553,7601,28,13,15
1129065000,2023-05-31,서울특별시,성북구,정릉제4동,24383,11664,12719,24338,11652,12686,-45,-12,-33
1129066000,2023-05-31,서울특별시,성북구,길음제1동,34756,16443,18313,34801,16463,18338,45,20,25
1129068500,2023-05-31,서울특별시,성북구,길음제2동,21736,10429,11307,21844,10475,11369,108,46,62
1129070500,2023-05-31,서울특별시,성북구,종암동,38054,18818,19236,38048,18794,19254,-6,-24,18
1129071500,2023-05-31,서울특별시,성북구,월곡제1동,25887,12486,13401,25859,12472,13387,-28,-14,-14
1129072500,2023-05-31,서울특별시,성북구,월곡제2동,19181,9159,10022,19169,9135,10034,-12,-24,12
1129076000,2023-05-31,서울특별시,성북구,장위제1동,23791,11571,12220,23732,11540,12192,-59,-31,-28
1129077000,2023-05-31,서울특별시,성북구,장위제2동,13318,6533,6785,13286,6507,6779,-32,-26,-6
1129078000,2023-05-31,서울특별시,성북구,장위제3동,15786,7736,8050,15788,7748,8040,2,12,-10
1129081000,2023-05-31,서울특별시,성북구,석관동,34286,16919,17367,34245,16903,17342,-41,-16,-25
1130553400,2023-05-31,서울특별시,강북구,삼양동,22787,11351,11436,22746,11327,11419,-41,-24,-17
1130553500,2023-05-31,서울특별시,강북구,미아동,21107,10118,10989,21095,10096,10999,-12,-22,10
1130554500,2023-05-31,서울특별시,강북구,송중동,29088,14037,15051,28997,13992,15005,-91,-45,-46
1130555500,2023-05-31,서울특별시,강북구,송천동,25377,12573,12804,25229,12510,12719,-148,-63,-85
1130557500,2023-05-31,서울특별시,강북구,삼각산동,30761,14751,16010,30735,14750,15985,-26,-1,-25
1130559500,2023-05-31,서울특별시,강북구,번1동,18034,9047,8987,18003,9014,8989,-31,-33,2
1130560300,2023-05-31,서울특별시,강북구,번2동,15190,7318,7872,15142,7282,7860,-48,-36,-12
1130560800,2023-05-31,서울특별시,강북구,번3동,16364,7632,8732,16462,7678,8784,98,46,52
1130561500,2023-05-31,서울특별시,강북구,수유1동,20195,9903,10292,20146,9865,10281,-49,-38,-11
1130562500,2023-05-31,서울특별시,강북구,수유2동,20803,9882,10921,20797,9882,10915,-6,0,-6
1130563500,2023-05-31,서울특별시,강북구,수유3동,23028,11345,11683,23014,11328,11686,-14,-17,3
1130564500,2023-05-31,서울특별시,강북구,우이동,20124,9656,10468,20098,9642,10456,-26,-14,-12
1130566000,2023-05-31,서울특별시,강북구,인수동,29525,14224,15301,29495,14211,15284,-30,-13,-17
1132051100,2023-05-31,서울특별시,도봉구,창제1동,24239,11542,12697,24221,11553,12668,-18,11,-29
1132051200,2023-05-31,서울특별시,도봉구,창제2동,28482,13841,14641,28458,13824,14634,-24,-17,-7
1132051300,2023-05-31,서울특별시,도봉구,창제3동,13392,6677,6715,13392,6665,6727,0,-12,12
1132051400,2023-05-31,서울특별시,도봉구,창제4동,25919,12431,13488,25925,12441,13484,6,10,-4
1132051500,2023-05-31,서울특별시,도봉구,창제5동,24090,11530,12560,24050,11492,12558,-40,-38,-2
1132052100,2023-05-31,서울특별시,도봉구,도봉제1동,20335,10171,10164,20295,10154,10141,-40,-17,-23
1132052200,2023-05-31,서울특별시,도봉구,도봉제2동,26093,12754,13339,26039,12735,13304,-54,-19,-35
1132066000,2023-05-31,서울특별시,도봉구,쌍문제1동,20912,10011,10901,20906,10004,10902,-6,-7,1
1132067000,2023-05-31,서울특별시,도봉구,쌍문제2동,18231,8691,9540,18210,8671,9539,-21,-20,-1
1132068000,2023-05-31,서울특별시,도봉구,쌍문제3동,16681,8021,8660,16667,8011,8656,-14,-10,-4
1132068100,2023-05-31,서울특별시,도봉구,쌍문제4동,18262,8617,9645,18204,8583,9621,-58,-34,-24
1132069000,2023-05-31,서울특별시,도봉구,방학제1동,28059,13907,14152,28029,13883,14146,-30,-24,-6
1132070000,2023-05-31,서울특별시,도봉구,방학제2동,18943,9571,9372,18882,9552,9330,-61,-19,-42
1132071000,2023-05-31,서울특별시,도봉구,방학제3동,26385,12771,13614,26344,12749,13595,-41,-22,-19
1135056000,2023-05-31,서울특별시,노원구,월계1동,20842,10710,10132,20822,10691,10131,-20,-19,-1
1135057000,2023-05-31,서울특별시,노원구,월계2동,25882,12428,13454,25859,12418,13441,-23,-10,-13
1135058000,2023-05-31,서울특별시,노원구,월계3동,29030,13889,15141,28992,13880,15112,-38,-9,-29
1135059500,2023-05-31,서울특별시,노원구,공릉1동,36301,17593,18708,36275,17568,18707,-26,-25,-1
1135060000,2023-05-31,서울특별시,노원구,공릉2동,41777,20349,21428,41781,20340,21441,4,-9,13
1135061100,2023-05-31,서울특별시,노원구,하계1동,26942,12936,14006,26829,12869,13960,-113,-67,-46
1135061200,2023-05-31,서울특별시,노원구,하계2동,21445,10181,11264,21401,10164,11237,-44,-17,-27
1135061900,2023-05-31,서울특별시,노원구,중계본동,23182,11261,11921,23159,11237,11922,-23,-24,1
1135062100,2023-05-31,서울특별시,노원구,중계1동,26427,12902,13525,26395,12888,13507,-32,-14,-18
1135062400,2023-05-31,서울특별시,노원구,중계4동,19412,9305,10107,19389,9286,10103,-23,-19,-4
1135062500,2023-05-31,서울특별시,노원구,중계2.3동,33067,15133,17934,33023,15125,17898,-44,-8,-36
1135063000,2023-05-31,서울특별시,노원구,상계1동,37470,18069,19401,37408,18034,19374,-62,-35,-27
1135064000,2023-05-31,서울특별시,노원구,상계2동,19427,9566,9861,19419,9557,9862,-8,-9,1
1135066500,2023-05-31,서울특별시,노원구,상계3.4동,25050,12499,12551,25024,12473,12551,-26,-26,0
1135067000,2023-05-31,서울특별시,노원구,상계5동,23413,11341,12072,23355,11326,12029,-58,-15,-43
1135069500,2023-05-31,서울특별시,노원구,상계6.7동,31849,14706,17143,31827,14690,17137,-22,-16,-6
1135070000,2023-05-31,서울특별시,노원구,상계8동,22148,10571,11577,22106,10555,11551,-42,-16,-26
1135071000,2023-05-31,서울특별시,노원구,상계9동,19885,9306,10579,19860,9301,10559,-25,-5,-20
1135072000,2023-05-31,서울특별시,노원구,상계10동,18289,8423,9866,18313,8442,9871,24,19,5
1138051000,2023-05-31,서울특별시,은평구,녹번동,36363,17093,19270,36358,17093,19265,-5,0,-5
1138052000,2023-05-31,서울특별시,은평구,불광제1동,37780,17744,20036,37765,17723,20042,-15,-21,6
1138053000,2023-05-31,서울특별시,은평구,불광제2동,27083,13066,14017,27045,13039,14006,-38,-27,-11
1138055100,2023-05-31,서울특별시,은평구,갈현제1동,15080,7340,7740,14942,7270,7672,-138,-70,-68
1138055200,2023-05-31,서울특별시,은평구,갈현제2동,27752,13103,14649,27726,13098,14628,-26,-5,-21
1138056000,2023-05-31,서울특별시,은평구,구산동,31731,15448,16283,31690,15408,16282,-41,-40,-1
1138057000,2023-05-31,서울특별시,은평구,대조동,27312,12646,14666,27212,12602,14610,-100,-44,-56
1138058000,2023-05-31,서울특별시,은평구,응암제1동,32942,15457,17485,32907,15437,17470,-35,-20,-15
1138059000,2023-05-31,서울특별시,은평구,응암제2동,27681,13372,14309,27680,13382,14298,-1,10,-11
1138060000,2023-05-31,서울특별시,은평구,응암제3동,23706,11426,12280,23680,11405,12275,-26,-21,-5
1138062500,2023-05-31,서울특별시,은평구,역촌동,44420,20836,23584,44380,20835,23545,-40,-1,-39
1138063100,2023-05-31,서울특별시,은평구,신사제1동,26733,12843,13890,26661,12797,13864,-72,-46,-26
1138063200,2023-05-31,서울특별시,은평구,신사제2동,19208,9546,9662,19186,9532,9654,-22,-14,-8
1138064000,2023-05-31,서울특별시,은평구,증산동,18495,9006,9489,18476,8982,9494,-19,-24,5
1138065000,2023-05-31,서울특별시,은평구,수색동,13149,6409,6740,13161,6420,6741,12,11,1
1138069000,2023-05-31,서울특별시,은평구,진관동,54782,25569,29213,54743,25536,29207,-39,-33,-6
1141052000,2023-05-31,서울특별시,서대문구,천연동,16713,7892,8821,16708,7871,8837,-5,-21,16
1141055500,2023-05-31,서울특별시,서대문구,북아현동,15544,7443,8101,15536,7442,8094,-8,-1,-7
1141056500,2023-05-31,서울특별시,서대문구,충현동,19816,9523,10293,19815,9541,10274,-1,18,-19
1141058500,2023-05-31,서울특별시,서대문구,신촌동,20409,8867,11542,20365,8833,11532,-44,-34,-10
1141061500,2023-05-31,서울특별시,서대문구,연희동,34320,16383,17937,34271,16360,17911,-49,-23,-26
1141062000,2023-05-31,서울특별시,서대문구,홍제제1동,24850,11613,13237,24840,11606,13234,-10,-7,-3
1141064000,2023-05-31,서울특별시,서대문구,홍제제3동,17739,8508,9231,17760,8511,9249,21,3,18
1141065500,2023-05-31,서울특별시,서대문구,홍제제2동,13254,6191,7063,13243,6184,7059,-11,-7,-4
1141066000,2023-05-31,서울특별시,서대문구,홍은제1동,22427,10825,11602,22403,10815,11588,-24,-10,-14
1141068500,2023-05-31,서울특별시,서대문구,홍은제2동,28738,13810,14928,28759,13808,14951,21,-2,23
1141069000,2023-05-31,서울특별시,서대문구,남가좌제1동,16711,8016,8695,16729,8006,8723,18,-10,28
1141070000,2023-05-31,서울특별시,서대문구,남가좌제2동,29252,14130,15122,29262,14136,15126,10,6,4
1141071000,2023-05-31,서울특별시,서대문구,북가좌제1동,17749,8496,9253,17702,8478,9224,-47,-18,-29
1141072000,2023-05-31,서울특별시,서대문구,북가좌제2동,30816,14987,15829,30815,14981,15834,-1,-6,5
1144055500,2023-05-31,서울특별시,마포구,아현동,27976,13090,14886,28104,13152,14952,128,62,66
1144056500,2023-05-31,서울특별시,마포구,공덕동,36740,17169,19571,36741,17166,19575,1,-3,4
1144058500,2023-05-31,서울특별시,마포구,도화동,20673,9834,10839,20679,9808,10871,6,-26,32
1144059000,2023-05-31,서울특별시,마포구,용강동,21278,10040,11238,21291,10049,11242,13,9,4
1144060000,2023-05-31,서울특별시,마포구,대흥동,14480,7048,7432,14475,7044,7431,-5,-4,-1
1144061000,2023-05-31,서울특별시,마포구,염리동,16760,8011,8749,16795,8021,8774,35,10,25
1144063000,2023-05-31,서울특별시,마포구,신수동,22195,10830,11365,22173,10809,11364,-22,-21,-1
1144065500,2023-05-31,서울특별시,마포구,서강동,24650,11754,12896,24646,11731,12915,-4,-23,19
1144066000,2023-05-31,서울특별시,마포구,서교동,24391,11071,13320,24352,11073,13279,-39,2,-41
1144068000,2023-05-31,서울특별시,마포구,합정동,16569,7623,8946,16548,7613,8935,-21,-10,-11
1144069000,2023-05-31,서울특별시,마포구,망원제1동,19334,9030,10304,19291,8979,10312,-43,-51,8
1144070000,2023-05-31,서울특별시,마포구,망원제2동,18170,8477,9693,18156,8466,9690,-14,-11,-3
1144071000,2023-05-31,서울특별시,마포구,연남동,14455,6848,7607,14432,6814,7618,-23,-34,11
1144072000,2023-05-31,서울특별시,마포구,성산제1동,18626,8705,9921,18656,8722,9934,30,17,13
1144073000,2023-05-31,서울특별시,마포구,성산제2동,39014,17393,21621,38987,17375,21612,-27,-18,-9
1144074000,2023-05-31,서울특별시,마포구,상암동,29976,14135,15841,29957,14100,15857,-19,-35,16
1147051000,2023-05-31,서울특별시,양천구,목1동,30245,14525,15720,30218,14506,15712,-27,-19,-8
1147052000,2023-05-31,서울특별시,양천구,목2동,29119,14083,15036,29090,14056,15034,-29,-27,-2
1147053000,2023-05-31,서울특별시,양천구,목3동,21426,10204,11222,21408,10204,11204,-18,0,-18
1147054000,2023-05-31,서울특별시,양천구,목4동,24635,12051,12584,24664,12064,12600,29,13,16
1147055000,2023-05-31,서울특별시,양천구,목5동,40547,20072,20475,40453,20016,20437,-94,-56,-38
1147056000,2023-05-31,서울특별시,양천구,신월1동,19902,10178,9724,19820,10149,9671,-82,-29,-53
1147057000,2023-05-31,서울특별시,양천구,신월2동,20451,9996,10455,20713,10100,10613,262,104,158
1147058000,2023-05-31,서울특별시,양천구,신월3동,14625,7673,6952,14605,7676,6929,-20,3,-23
1147059000,2023-05-31,서울특별시,양천구,신월4동,17576,8545,9031,17543,8527,9016,-33,-18,-15
1147060000,2023-05-31,서울특별시,양천구,신월5동,14214,7055,7159,14179,7038,7141,-35,-17,-18
1147061000,2023-05-31,서울특별시,양천구,신월6동,13883,6787,7096,13893,6783,7110,10,-4,14
1147061100,2023-05-31,서울특별시,양천구,신월7동,18837,9194,9643,18807,9173,9634,-30,-21,-9
1147062000,2023-05-31,서울특별시,양천구,신정1동,19836,9632,10204,19802,9620,10182,-34,-12,-22
1147063000,2023-05-31,서울특별시,양천구,신정2동,18831,9254,9577,18817,9250,9567,-14,-4,-10
1147064000,2023-05-31,서울특별시,양천구,신정3동,50164,24272,25892,50092,24241,25851,-72,-31,-41
1147065000,2023-05-31,서울특별시,양천구,신정4동,32235,15670,16565,32238,15687,16551,3,17,-14
1147067000,2023-05-31,서울특별시,양천구,신정6동,23985,11642,12343,23945,11626,12319,-40,-16,-24
1147068000,2023-05-31,서울특별시,양천구,신정7동,28337,13622,14715,28354,13615,14739,17,-7,24
1150051000,2023-05-31,서울특별시,강서구,염창동,41348,19899,21449,41364,19895,21469,16,-4,20
1150052000,2023-05-31,서울특별시,강서구,등촌제1동,24811,11438,13373,24819,11447,13372,8,9,-1
1150053000,2023-05-31,서울특별시,강서구,등촌제2동,19574,9499,10075,19528,9497,10031,-46,-2,-44
1150053500,2023-05-31,서울특별시,강서구,등촌제3동,29611,14011,15600,29590,13991,15599,-21,-20,-1
1150054000,2023-05-31,서울특별시,강서구,화곡제1동,51765,25160,26605,51683,25110,26573,-82,-50,-32
1150055000,2023-05-31,서울특별시,강서구,화곡제2동,17417,8406,9011,17378,8377,9001,-39,-29,-10
1150056000,2023-05-31,서울특별시,강서구,화곡제3동,21301,10148,11153,21298,10137,11161,-3,-11,8
1150057000,2023-05-31,서울특별시,강서구,화곡제4동,19987,9802,10185,19975,9804,10171,-12,2,-14
1150059000,2023-05-31,서울특별시,강서구,화곡본동,33507,16215,17292,33422,16158,17264,-85,-57,-28
1150059100,2023-05-31,서울특별시,강서구,화곡제6동,24992,11955,13037,24913,11904,13009,-79,-51,-28
1150059300,2023-05-31,서울특별시,강서구,화곡제8동,23878,11511,12367,23806,11478,12328,-72,-33,-39
1150060300,2023-05-31,서울특별시,강서구,가양제1동,34094,15424,18670,34056,15416,18640,-38,-8,-30
1150060400,2023-05-31,서울특별시,강서구,가양제2동,13673,6440,7233,13649,6422,7227,-24,-18,-6
1150060500,2023-05-31,서울특별시,강서구,가양제3동,14455,6694,7761,14428,6664,7764,-27,-30,3
1150061100,2023-05-31,서울특별시,강서구,발산제1동,35922,16897,19025,35861,16879,18982,-61,-18,-43
1150061500,2023-05-31,서울특별시,강서구,우장산동,43687,20883,22804,43719,20910,22809,32,27,5
1150062000,2023-05-31,서울특별시,강서구,공항동,30154,15269,14885,30101,15247,14854,-53,-22,-31
1150063000,2023-05-31,서울특별시,강서구,방화제1동,42484,20688,21796,42514,20696,21818,30,8,22
1150064000,2023-05-31,서울특별시,강서구,방화제2동,22929,11331,11598,22876,11306,11570,-53,-25,-28
1150064100,2023-05-31,서울특별시,강서구,방화제3동,22294,10734,11560,22257,10723,11534,-37,-11,-26
1153051000,2023-05-31,서울특별시,구로구,신도림동,35749,17248,18501,35726,17238,18488,-23,-10,-13
1153052000,2023-05-31,서울특별시,구로구,구로제1동,20585,10052,10533,20605,10060,10545,20,8,12
1153053000,2023-05-31,서울특별시,구로구,구로제2동,22916,11512,11404,22885,11487,11398,-31,-25,-6
1153054000,2023-05-31,서울특별시,구로구,구로제3동,23397,12074,11323,23387,12051,11336,-10,-23,13
1153055000,2023-05-31,서울특별시,구로구,구로제4동,19080,9206,9874,19000,9167,9833,-80,-39,-41
1153056000,2023-05-31,서울특별시,구로구,구로제5동,29360,14213,15147,29346,14219,15127,-14,6,-20
1153059500,2023-05-31,서울특별시,구로구,가리봉동,8961,4912,4049,8937,4886,4051,-24,-26,2
1153072000,2023-05-31,서울특별시,구로구,고척제1동,25962,12963,12999,26087,13013,13074,125,50,75
1153073000,2023-05-31,서울특별시,구로구,고척제2동,26029,12855,13174,26010,12836,13174,-19,-19,0
1153074000,2023-05-31,서울특별시,구로구,개봉제1동,33373,16580,16793,33355,16584,16771,-18,4,-22
1153075000,2023-05-31,서울특별시,구로구,개봉제2동,30131,14644,15487,30157,14646,15511,26,2,24
1153076000,2023-05-31,서울특별시,구로구,개봉제3동,19855,9631,10224,19824,9610,10214,-31,-21,-10
1153077000,2023-05-31,서울특별시,구로구,오류제1동,22633,10792,11841,22640,10811,11829,7,19,-12
1153078000,2023-05-31,서울특별시,구로구,오류제2동,37745,18037,19708,37739,18012,19727,-6,-25,19
1153079000,2023-05-31,서울특별시,구로구,수궁동,22915,11241,11674,22871,11215,11656,-44,-26,-18
1153080000,2023-05-31,서울특별시,구로구,항동,16408,7978,8430,16404,7975,8429,-4,-3,-1
1154551000,2023-05-31,서울특별시,금천구,가산동,24472,13179,11293,24559,13219,11340,87,40,47
1154561000,2023-05-31,서울특별시,금천구,독산제1동,46237,23615,22622,46285,23600,22685,48,-15,63
1154562000,2023-05-31,서울특별시,금천구,독산제2동,18060,9109,8951,18082,9107,8975,22,-2,24
1154563000,2023-05-31,서울특별시,금천구,독산제3동,23935,11992,11943,23912,11968,11944,-23,-24,1
1154564000,2023-05-31,서울특별시,금천구,독산제4동,14829,7452,7377,14794,7435,7359,-35,-17,-18
1154567000,2023-05-31,서울특별시,금천구,시흥제1동,32326,16080,16246,32312,16080,16232,-14,0,-14
1154568000,2023-05-31,서울특별시,금천구,시흥제2동,20634,9866,10768,20626,9854,10772,-8,-12,4
1154569000,2023-05-31,서울특별시,금천구,시흥제3동,10435,5169,5266,10410,5144,5266,-25,-25,0
1154570000,2023-05-31,서울특별시,금천구,시흥제4동,19833,9807,10026,19791,9787,10004,-42,-20,-22
1154571000,2023-05-31,서울특별시,금천구,시흥제5동,18567,9309,9258,18480,9259,9221,-87,-50,-37
1156051500,2023-05-31,서울특별시,영등포구,영등포본동,20922,10740,10182,20936,10741,10195,14,1,13
1156053500,2023-05-31,서울특별시,영등포구,영등포동,30293,15552,14741,30352,15593,14759,59,41,18
1156054000,2023-05-31,서울특별시,영등포구,여의동,32500,15258,17242,32592,15293,17299,92,35,57
1156055000,2023-05-31,서울특별시,영등포구,당산제1동,20826,10110,10716,20837,10103,10734,11,-7,18
1156056000,2023-05-31,서울특별시,영등포구,당산제2동,36745,17165,19580,36766,17158,19608,21,-7,28
1156058500,2023-05-31,서울특별시,영등포구,도림동,17726,8937,8789,17710,8944,8766,-16,7,-23
1156060500,2023-05-31,서울특별시,영등포구,문래동,32202,15706,16496,32193,15687,16506,-9,-19,10
1156061000,2023-05-31,서울특별시,영등포구,양평제1동,18299,8858,9441,18286,8851,9435,-13,-7,-6
1156062000,2023-05-31,서울특별시,영등포구,양평제2동,22451,10910,11541,22499,10938,11561,48,28,20
1156063000,2023-05-31,서울특별시,영등포구,신길제1동,19426,9817,9609,19414,9801,9613,-12,-16,4
1156065000,2023-05-31,서울특별시,영등포구,신길제3동,16272,8019,8253,16266,8005,8261,-6,-14,8
1156066000,2023-05-31,서울특별시,영등포구,신길제4동,12334,6110,6224,12341,6113,6228,7,3,4
1156067000,2023-05-31,서울특별시,영등포구,신길제5동,10172,4929,5243,10151,4916,5235,-21,-13,-8
1156068000,2023-05-31,서울특별시,영등포구,신길제6동,18635,9091,9544,18446,8999,9447,-189,-92,-97
1156069000,2023-05-31,서울특별시,영등포구,신길제7동,19808,9880,9928,19792,9874,9918,-16,-6,-10
1156070000,2023-05-31,서울특별시,영등포구,대림제1동,14030,6984,7046,14004,6973,7031,-26,-11,-15
1156071000,2023-05-31,서울특별시,영등포구,대림제2동,11922,5847,6075,11944,5867,6077,22,20,2
1156072000,2023-05-31,서울특별시,영등포구,대림제3동,21860,10914,10946,21818,10905,10913,-42,-9,-33
1159051000,2023-05-31,서울특별시,동작구,노량진제1동,31878,16132,15746,31918,16166,15752,40,34,6
1159052000,2023-05-31,서울특별시,동작구,노량진제2동,10523,5485,5038,10522,5509,5013,-1,24,-25
1159053000,2023-05-31,서울특별시,동작구,상도제1동,44373,21551,22822,44383,21544,22839,10,-7,17
1159054000,2023-05-31,서울특별시,동작구,상도제2동,27668,13269,14399,27668,13247,14421,0,-22,22
1159055000,2023-05-31,서울특별시,동작구,상도제3동,24156,11483,12673,24126,11465,12661,-30,-18,-12
1159056000,2023-05-31,서울특별시,동작구,상도제4동,28103,13669,14434,28063,13641,14422,-40,-28,-12
1159060500,2023-05-31,서울특별시,동작구,흑석동,29211,14264,14947,29663,14475,15188,452,211,241
1159062000,2023-05-31,서울특별시,동작구,사당제1동,22523,10840,11683,22526,10839,11687,3,-1,4
1159063000,2023-05-31,서울특별시,동작구,사당제2동,28348,13579,14769,28312,13559,14753,-36,-20,-16
1159064000,2023-05-31,서울특별시,동작구,사당제3동,23913,11566,12347,23951,11573,12378,38,7,31
1159065000,2023-05-31,서울특별시,동작구,사당제4동,13924,6626,7298,13895,6631,7264,-29,5,-34
1159065100,2023-05-31,서울특별시,동작구,사당제5동,14276,6826,7450,14258,6804,7454,-18,-22,4
1159066000,2023-05-31,서울특별시,동작구,대방동,35941,16972,18969,35798,16888,18910,-143,-84,-59
1159067000,2023-05-31,서울특별시,동작구,신대방제1동,23373,11209,12164,23378,11198,12180,5,-11,16
1159068000,2023-05-31,서울특별시,동작구,신대방제2동,22175,10601,11574,22133,10577,11556,-42,-24,-18
1162052500,2023-05-31,서울특별시,관악구,보라매동,24179,11926,12253,24134,11904,12230,-45,-22,-23
1162054500,2023-05-31,서울특별시,관악구,청림동,14899,7201,7698,14896,7195,7701,-3,-6,3
1162056500,2023-05-31,서울특별시,관악구,성현동,28535,13741,14794,28484,13709,14775,-51,-32,-19
1162057500,2023-05-31,서울특별시,관악구,행운동,29180,14146,15034,29170,14161,15009,-10,15,-25
1162058500,2023-05-31,서울특별시,관악구,낙성대동,17464,8762,8702,17483,8773,8710,19,11,8
1162059500,2023-05-31,서울특별시,관악구,청룡동,36145,17312,18833,36130,17306,18824,-15,-6,-9
1162060500,2023-05-31,서울특별시,관악구,은천동,32656,15983,16673,32663,16016,16647,7,33,-26
1162061500,2023-05-31,서울특별시,관악구,중앙동,15406,7453,7953,15403,7463,7940,-3,10,-13
1162062500,2023-05-31,서울특별시,관악구,인헌동,25720,12434,13286,25750,12453,13297,30,19,11
1162063000,2023-05-31,서울특별시,관악구,남현동,17895,8682,9213,17867,8668,9199,-28,-14,-14
1162064500,2023-05-31,서울특별시,관악구,서원동,22893,11993,10900,22936,12021,10915,43,28,15
1162065500,2023-05-31,서울특별시,관악구,신원동,17866,9067,8799,17829,9070,8759,-37,3,-40
1162066500,2023-05-31,서울특별시,관악구,서림동,23641,13191,10450,23647,13172,10475,6,-19,25
1162068500,2023-05-31,서울특별시,관악구,신사동,22721,11347,11374,22717,11366,11351,-4,19,-23
1162069500,2023-05-31,서울특별시,관악구,신림동,23350,12319,11031,23380,12326,11054,30,7,23
1162071500,2023-05-31,서울특별시,관악구,난향동,14848,7271,7577,14842,7263,7579,-6,-8,2
1162072500,2023-05-31,서울특별시,관악구,조원동,19575,9758,9817,19590,9748,9842,15,-10,25
1162073500,2023-05-31,서울특별시,관악구,대학동,24468,14913,9555,24496,14929,9567,28,16,12
1162074500,2023-05-31,서울특별시,관악구,삼성동,20318,10105,10213,20260,10088,10172,-58,-17,-41
1162076500,2023-05-31,서울특별시,관악구,미성동,29981,14679,15302,29954,14666,15288,-27,-13,-14
1162077500,2023-05-31,서울특별시,관악구,난곡동,25901,12948,12953,25831,12920,12911,-70,-28,-42
1165051000,2023-05-31,서울특별시,서초구,서초1동,20310,9773,10537,20309,9781,10528,-1,8,-9
1165052000,2023-05-31,서울특별시,서초구,서초2동,26620,12605,14015,26624,12613,14011,4,8,-4
1165053000,2023-05-31,서울특별시,서초구,서초3동,32086,15214,16872,32090,15244,16846,4,30,-26
1165053100,2023-05-31,서울특별시,서초구,서초4동,30264,14780,15484,30303,14802,15501,39,22,17
1165054000,2023-05-31,서울특별시,서초구,잠원동,26183,12594,13589,26219,12609,13610,36,15,21
1165055000,2023-05-31,서울특별시,서초구,반포본동,266,128,138,269,128,141,3,0,3
1165056000,2023-05-31,서울특별시,서초구,반포1동,34195,16690,17505,34187,16690,17497,-8,0,-8
1165057000,2023-05-31,서울특별시,서초구,반포2동,15635,7415,8220,15645,7414,8231,10,-1,11
1165058000,2023-05-31,서울특별시,서초구,반포3동,23813,11332,12481,23792,11324,12468,-21,-8,-13
1165058100,2023-05-31,서울특별시,서초구,반포4동,18684,8773,9911,18700,8773,9927,16,0,16
1165059000,2023-05-31,서울특별시,서초구,방배본동,20485,9441,11044,20476,9434,11042,-9,-7,-2
1165060000,2023-05-31,서울특별시,서초구,방배1동,16652,7768,8884,16627,7749,8878,-25,-19,-6
1165061000,2023-05-31,서울특별시,서초구,방배2동,18277,8543,9734,18247,8524,9723,-30,-19,-11
1165062000,2023-05-31,서울특별시,서초구,방배3동,17055,8176,8879,17056,8181,8875,1,5,-4
1165062100,2023-05-31,서울특별시,서초구,방배4동,22999,10480,12519,22914,10440,12474,-85,-40,-45
1165065100,2023-05-31,서울특별시,서초구,양재1동,42236,20070,22166,42242,20063,22179,6,-7,13
1165065200,2023-05-31,서울특별시,서초구,양재2동,21441,10768,10673,21410,10729,10681,-31,-39,8
1165066000,2023-05-31,서울특별시,서초구,내곡동,17338,8382,8956,17326,8377,8949,-12,-5,-7
1168051000,2023-05-31,서울특별시,강남구,신사동,15551,7233,8318,15567,7248,8319,16,15,1
1168052100,2023-05-31,서울특별시,강남구,논현1동,21371,10072,11299,21300,10051,11249,-71,-21,-50
1168053100,2023-05-31,서울특별시,강남구,논현2동,20676,9627,11049,20638,9592,11046,-38,-35,-3
1168054500,2023-05-31,서울특별시,강남구,압구정동,25633,11852,13781,25619,11865,13754,-14,13,-27
1168056500,2023-05-31,서울특별시,강남구,청담동,25124,11766,13358,25075,11743,13332,-49,-23,-26
1168058000,2023-05-31,서울특별시,강남구,삼성1동,12425,6079,6346,12369,6043,6326,-56,-36,-20
1168059000,2023-05-31,서울특별시,강남구,삼성2동,30624,14700,15924,30541,14641,15900,-83,-59,-24
1168060000,2023-05-31,서울특별시,강남구,대치1동,23721,11902,11819,23779,11929,11850,58,27,31
1168061000,2023-05-31,서울특별시,강남구,대치2동,36841,18641,18200,36797,18600,18197,-44,-41,-3
1168063000,2023-05-31,서울특별시,강남구,대치4동,18881,8956,9925,18860,8963,9897,-21,7,-28
1168064000,2023-05-31,서울특별시,강남구,역삼1동,34302,16720,17582,34255,16679,17576,-47,-41,-6
1168065000,2023-05-31,서울특별시,강남구,역삼2동,36935,17267,19668,36874,17222,19652,-61,-45,-16
1168065500,2023-05-31,서울특별시,강남구,도곡1동,20705,9831,10874,20690,9833,10857,-15,2,-17
1168065600,2023-05-31,서울특별시,강남구,도곡2동,32619,15142,17477,32573,15120,17453,-46,-22,-24
1168066000,2023-05-31,서울특별시,강남구,개포1동,6890,3325,3565,6881,3316,3565,-9,-9,0
1168067000,2023-05-31,서울특별시,강남구,개포2동,36103,17500,18603,37729,18271,19458,1626,771,855
1168067500,2023-05-31,서울특별시,강남구,개포3동,17109,8294,8815,17097,8280,8817,-12,-14,2
1168069000,2023-05-31,서울특별시,강남구,개포4동,23457,11289,12168,23458,11301,12157,1,12,-11
1168070000,2023-05-31,서울특별시,강남구,세곡동,43954,20618,23336,43989,20616,23373,35,-2,37
1168072000,2023-05-31,서울특별시,강남구,일원본동,22842,11299,11543,22825,11290,11535,-17,-9,-8
1168073000,2023-05-31,서울특별시,강남구,일원1동,14708,7128,7580,14653,7101,7552,-55,-27,-28
1168075000,2023-05-31,서울특별시,강남구,수서동,14175,6396,7779,14175,6391,7784,0,-5,5
1171051000,2023-05-31,서울특별시,송파구,풍납1동,12179,5983,6196,12150,5971,6179,-29,-12,-17
1171052000,2023-05-31,서울특별시,송파구,풍납2동,24074,11396,12678,24057,11387,12670,-17,-9,-8
1171053100,2023-05-31,서울특별시,송파구,거여1동,12133,6094,6039,12122,6085,6037,-11,-9,-2
1171053200,2023-05-31,서울특별시,송파구,거여2동,23666,11527,12139,23701,11546,12155,35,19,16
1171054000,2023-05-31,서울특별시,송파구,마천1동,18387,9436,8951,18340,9400,8940,-47,-36,-11
1171055000,2023-05-31,서울특별시,송파구,마천2동,17859,9143,8716,17793,9093,8700,-66,-50,-16
1171056100,2023-05-31,서울특별시,송파구,방이1동,15238,7367,7871,15266,7379,7887,28,12,16
1171056200,2023-05-31,서울특별시,송파구,방이2동,25965,11889,14076,25923,11842,14081,-42,-47,5
1171056600,2023-05-31,서울특별시,송파구,오륜동,17751,8671,9080,17758,8680,9078,7,9,-2
1171057000,2023-05-31,서울특별시,송파구,오금동,37664,18266,19398,37645,18264,19381,-19,-2,-17
1171058000,2023-05-31,서울특별시,송파구,송파1동,23535,10977,12558,23551,10988,12563,16,11,5
1171059000,2023-05-31,서울특별시,송파구,송파2동,18722,9011,9711,18722,9025,9697,0,14,-14
1171060000,2023-05-31,서울특별시,송파구,석촌동,31019,14704,16315,30926,14655,16271,-93,-49,-44
1171061000,2023-05-31,서울특별시,송파구,삼전동,29296,13615,15681,29272,13598,15674,-24,-17,-7
1171062000,2023-05-31,서울특별시,송파구,가락본동,25448,12601,12847,25430,12575,12855,-18,-26,8
1171063100,2023-05-31,서울특별시,송파구,가락1동,27558,13369,14189,27516,13349,14167,-42,-20,-22
1171063200,2023-05-31,서울특별시,송파구,가락2동,31412,15329,16083,31382,15312,16070,-30,-17,-13
1171064100,2023-05-31,서울특별시,송파구,문정1동,19621,9661,9960,19613,9662,9951,-8,1,-9
1171064200,2023-05-31,서울특별시,송파구,문정2동,28670,13138,15532,28727,13143,15584,57,5,52
1171064600,2023-05-31,서울특별시,송파구,장지동,28875,13915,14960,28829,13880,14949,-46,-35,-11
1171064700,2023-05-31,서울특별시,송파구,위례동,44649,21753,22896,44669,21766,22903,20,13,7
1171065000,2023-05-31,서울특별시,송파구,잠실본동,27820,13261,14559,27834,13275,14559,14,14,0
1171067000,2023-05-31,서울특별시,송파구,잠실2동,34988,16708,18280,34939,16693,18246,-49,-15,-34
1171068000,2023-05-31,서울특별시,송파구,잠실3동,34002,16124,17878,33983,16097,17886,-19,-27,8
1171069000,2023-05-31,서울특별시,송파구,잠실4동,21218,10215,11003,21209,10216,10993,-9,1,-10
1171071000,2023-05-31,서울특별시,송파구,잠실6동,16511,7827,8684,16494,7820,8674,-17,-7,-10
1171072000,2023-05-31,서울특별시,송파구,잠실7동,9405,4376,5029,9409,4381,5028,4,5,-1
1174051500,2023-05-31,서울특별시,강동구,강일동,32855,15746,17109,32838,15705,17133,-17,-41,24
1174052500,2023-05-31,서울특별시,강동구,상일제1동,39290,19310,19980,39293,19308,19985,3,-2,5
1174052600,2023-05-31,서울특별시,강동구,상일제2동,11942,5569,6373,11916,5548,6368,-26,-21,-5
1174053000,2023-05-31,서울특별시,강동구,명일제1동,25472,12414,13058,25515,12443,13072,43,29,14
1174054000,2023-05-31,서울특별시,강동구,명일제2동,17211,8377,8834,17224,8384,8840,13,7,6
1174055000,2023-05-31,서울특별시,강동구,고덕제1동,23856,12138,11718,23851,12140,11711,-5,2,-7
1174056000,2023-05-31,서울특별시,강동구,고덕제2동,22739,11460,11279,22689,11428,11261,-50,-32,-18
1174057000,2023-05-31,서울특별시,강동구,암사제1동,34020,16820,17200,34038,16824,17214,18,4,14
1174058000,2023-05-31,서울특별시,강동구,암사제2동,14957,7234,7723,14928,7206,7722,-29,-28,-1
1174059000,2023-05-31,서울특별시,강동구,암사제3동,17441,8525,8916,17404,8509,8895,-37,-16,-21
1174060000,2023-05-31,서울특별시,강동구,천호제1동,26310,12939,13371,26255,12920,13335,-55,-19,-36
1174061000,2023-05-31,서울특별시,강동구,천호제2동,33206,16244,16962,33195,16230,16965,-11,-14,3
1174062000,2023-05-31,서울특별시,강동구,천호제3동,26248,12691,13557,26269,12686,13583,21,-5,26
1174064000,2023-05-31,서울특별시,강동구,성내제1동,19611,9408,10203,19615,9400,10215,4,-8,12
1174065000,2023-05-31,서울특별시,강동구,성내제2동,22816,11238,11578,22780,11222,11558,-36,-16,-20
1174066000,2023-05-31,서울특별시,강동구,성내제3동,22624,11074,11550,22579,11046,11533,-45,-28,-17
1174068500,2023-05-31,서울특별시,강동구,길동,44809,21837,22972,44789,21838,22951,-20,1,-21
1174069000,2023-05-31,서울특별시,강동구,둔촌제1동,64,35,29,64,35,29,0,0,0
1174070000,2023-05-31,서울특별시,강동구,둔촌제2동,24096,11840,12256,24033,11818,12215,-63,-22,-41
2611051000,2023-05-31,부산광역시,중구,중앙동,3141,1455,1686,3145,1454,1691,4,-1,5
2611052000,2023-05-31,부산광역시,중구,동광동,2544,1288,1256,2546,1289,1257,2,1,1
2611053000,2023-05-31,부산광역시,중구,대청동,5982,2812,3170,5967,2803,3164,-15,-9,-6
2611054500,2023-05-31,부산광역시,중구,보수동,10430,4980,5450,10399,4962,5437,-31,-18,-13
2611056000,2023-05-31,부산광역시,중구,부평동,4317,2048,2269,4310,2044,2266,-7,-4,-3
2611057000,2023-05-31,부산광역시,중구,광복동,930,477,453,925,475,450,-5,-2,-3
2611058000,2023-05-31,부산광역시,중구,남포동,837,492,345,836,487,349,-1,-5,4
2611059000,2023-05-31,부산광역시,중구,영주제1동,4514,2286,2228,4505,2285,2220,-9,-1,-8
2611060000,2023-05-31,부산광역시,중구,영주제2동,6783,3273,3510,6778,3270,3508,-5,-3,-2
2614051000,2023-05-31,부산광역시,서구,동대신제1동,5474,2669,2805,5447,2653,2794,-27,-16,-11
2614052000,2023-05-31,부산광역시,서구,동대신제2동,6881,3328,3553,6869,3330,3539,-12,2,-14
2614053000,2023-05-31,부산광역시,서구,동대신제3동,7521,3527,3994,7501,3511,3990,-20,-16,-4
2614054000,2023-05-31,부산광역시,서구,서대신제1동,14918,7067,7851,14948,7088,7860,30,21,9
2614056000,2023-05-31,부산광역시,서구,서대신제3동,7582,3450,4132,7557,3443,4114,-25,-7,-18
2614057000,2023-05-31,부산광역시,서구,서대신제4동,7366,3546,3820,7350,3543,3807,-16,-3,-13
2614059000,2023-05-31,부산광역시,서구,부민동,7384,3505,3879,7403,3509,3894,19,4,15
2614061500,2023-05-31,부산광역시,서구,아미동,6073,3052,3021,6049,3036,3013,-24,-16,-8
2614063000,2023-05-31,부산광역시,서구,초장동,4006,2018,1988,3985,2008,1977,-21,-10,-11
2614064000,2023-05-31,부산광역시,서구,충무동,9720,4586,5134,9689,4564,5125,-31,-22,-9
2614065000,2023-05-31,부산광역시,서구,남부민제1동,4653,2366,2287,4645,2357,2288,-8,-9,1
2614066000,2023-05-31,부산광역시,서구,남부민제2동,8411,4180,4231,8390,4168,4222,-21,-12,-9
2614068000,2023-05-31,부산광역시,서구,암남동,14749,7152,7597,14737,7143,7594,-12,-9,-3
2617051000,2023-05-31,부산광역시,동구,초량제1동,4897,2470,2427,4875,2468,2407,-22,-2,-20
2617052000,2023-05-31,부산광역시,동구,초량제2동,5400,2689,2711,5392,2678,2714,-8,-11,3
2617053000,2023-05-31,부산광역시,동구,초량제3동,12889,6220,6669,12864,6204,6660,-25,-16,-9
2617055000,2023-05-31,부산광역시,동구,초량제6동,5545,2693,2852,5530,2687,2843,-15,-6,-9
2617056000,2023-05-31,부산광역시,동구,수정제1동,3992,1937,2055,3985,1923,2062,-7,-14,7
2617057000,2023-05-31,부산광역시,동구,수정제2동,9456,4503,4953,9436,4492,4944,-20,-11,-9
2617059000,2023-05-31,부산광역시,동구,수정제4동,3643,1794,1849,3633,1787,1846,-10,-7,-3
2617060000,2023-05-31,부산광역시,동구,수정제5동,4974,2374,2600,4967,2372,2595,-7,-2,-5
2617064500,2023-05-31,부산광역시,동구,좌천동,11564,5614,5950,11549,5603,5946,-15,-11,-4
2617065000,2023-05-31,부산광역시,동구,범일제1동,11286,5539,5747,11295,5535,5760,9,-4,13
2617066000,2023-05-31,부산광역시,동구,범일제2동,7775,3885,3890,7766,3879,3887,-9,-6,-3
2617068000,2023-05-31,부산광역시,동구,범일제5동,4208,2063,2145,4228,2072,2156,20,9,11
2620053000,2023-05-31,부산광역시,영도구,남항동,10541,5280,5261,10508,5257,5251,-33,-23,-10
2620054000,2023-05-31,부산광역시,영도구,영선제1동,3813,1819,1994,3831,1830,2001,18,11,7
2620055000,2023-05-31,부산광역시,영도구,영선제2동,7777,3776,4001,7747,3758,3989,-30,-18,-12
2620058500,2023-05-31,부산광역시,영도구,신선동,7669,3830,3839,7626,3803,3823,-43,-27,-16
2620059000,2023-05-31,부산광역시,영도구,봉래제1동,6417,3181,3236,6406,3174,3232,-11,-7,-4
2620060500,2023-05-31,부산광역시,영도구,봉래제2동,7593,3690,3903,7563,3673,3890,-30,-17,-13
2620063000,2023-05-31,부산광역시,영도구,청학제1동,5714,2789,2925,5704,2789,2915,-10,0,-10
2620064000,2023-05-31,부산광역시,영도구,청학제2동,17255,8515,8740,17209,8488,8721,-46,-27,-19
2620065000,2023-05-31,부산광역시,영도구,동삼제1동,26492,12913,13579,26442,12883,13559,-50,-30,-20
2620066000,2023-05-31,부산광역시,영도구,동삼제2동,4924,2562,2362,4947,2567,2380,23,5,18
2620067000,2023-05-31,부산광역시,영도구,동삼제3동,9259,4514,4745,9226,4494,4732,-33,-20,-13
2623051000,2023-05-31,부산광역시,부산진구,부전제1동,15890,7874,8016,15926,7902,8024,36,28,8
2623052000,2023-05-31,부산광역시,부산진구,부전제2동,10840,5343,5497,10887,5367,5520,47,24,23
2623054000,2023-05-31,부산광역시,부산진구,연지동,25413,12108,13305,25490,12163,13327,77,55,22
2623055000,2023-05-31,부산광역시,부산진구,초읍동,21027,10104,10923,21010,10095,10915,-17,-9,-8
2623056000,2023-05-31,부산광역시,부산진구,양정제1동,19111,8924,10187,19120,8925,10195,9,1,8
2623057000,2023-05-31,부산광역시,부산진구,양정제2동,11653,5339,6314,11663,5361,6302,10,22,-12
2623060000,2023-05-31,부산광역시,부산진구,전포제1동,21075,10113,10962,21168,10134,11034,93,21,72
2623061000,2023-05-31,부산광역시,부산진구,전포제2동,23298,10880,12418,23289,10878,12411,-9,-2,-7
2623064000,2023-05-31,부산광역시,부산진구,부암제1동,23414,11356,12058,23446,11368,12078,32,12,20
2623066000,2023-05-31,부산광역시,부산진구,부암제3동,16785,8212,8573,16770,8196,8574,-15,-16,1
2623067000,2023-05-31,부산광역시,부산진구,당감제1동,21867,10400,11467,21815,10386,11429,-52,-14,-38
2623068000,2023-05-31,부산광역시,부산진구,당감제2동,9950,4698,5252,9945,4705,5240,-5,7,-12
2623070000,2023-05-31,부산광역시,부산진구,당감제4동,10883,5275,5608,10840,5254,5586,-43,-21,-22
2623071000,2023-05-31,부산광역시,부산진구,가야제1동,18247,9153,9094,18160,9109,9051,-87,-44,-43
2623072000,2023-05-31,부산광역시,부산진구,가야제2동,18168,8808,9360,18215,8824,9391,47,16,31
2623074000,2023-05-31,부산광역시,부산진구,개금제1동,18030,8729,9301,18157,8792,9365,127,63,64
2623075000,2023-05-31,부산광역시,부산진구,개금제2동,10368,5037,5331,10333,5011,5322,-35,-26,-9
2623076000,2023-05-31,부산광역시,부산진구,개금제3동,27442,13171,14271,27371,13127,14244,-71,-44,-27
2623077000,2023-05-31,부산광역시,부산진구,범천제1동,12463,5808,6655,12448,5786,6662,-15,-22,7
2623078000,2023-05-31,부산광역시,부산진구,범천제2동,21691,10473,11218,21709,10482,11227,18,9,9
2626051000,2023-05-31,부산광역시,동래구,수민동,31394,15159,16235,31382,15151,16231,-12,-8,-4
2626052000,2023-05-31,부산광역시,동래구,복산동,8855,4313,4542,8829,4303,4526,-26,-10,-16
2626054500,2023-05-31,부산광역시,동래구,명륜동,26404,12935,13469,26406,12953,13453,2,18,-16
2626055000,2023-05-31,부산광역시,동래구,온천제1동,23649,11083,12566,23726,11145,12581,77,62,15
2626056000,2023-05-31,부산광역시,동래구,온천제2동,24421,11748,12673,24422,11756,12666,1,8,-7
2626057000,2023-05-31,부산광역시,동래구,온천제3동,37518,18228,19290,37467,18194,19273,-51,-34,-17
2626058000,2023-05-31,부산광역시,동래구,사직제1동,10277,4935,5342,10295,4952,5343,18,17,1
2626059000,2023-05-31,부산광역시,동래구,사직제2동,25268,12106,13162,25270,12116,13154,2,10,-8
2626060000,2023-05-31,부산광역시,동래구,사직제3동,17061,8435,8626,17007,8415,8592,-54,-20,-34
2626074000,2023-05-31,부산광역시,동래구,안락제1동,14027,6895,7132,13986,6880,7106,-41,-15,-26
2626075000,2023-05-31,부산광역시,동래구,안락제2동,26232,12688,13544,26149,12647,13502,-83,-41,-42
2626076100,2023-05-31,부산광역시,동래구,명장제1동,13765,6622,7143,13741,6600,7141,-24,-22,-2
2626076200,2023-05-31,부산광역시,동래구,명장제2동,14163,6891,7272,14117,6858,7259,-46,-33,-13
2629051000,2023-05-31,부산광역시,남구,대연제1동,15834,8017,7817,15819,8006,7813,-15,-11,-4
2629053000,2023-05-31,부산광역시,남구,대연제3동,33303,16331,16972,33354,16350,17004,51,19,32
2629054000,2023-05-31,부산광역시,남구,대연제4동,11916,5800,6116,11902,5794,6108,-14,-6,-8
2629055000,2023-05-31,부산광역시,남구,대연제5동,16805,8061,8744,16806,8063,8743,1,2,-1
2629056000,2023-05-31,부산광역시,남구,대연제6동,14879,7138,7741,14906,7145,7761,27,7,20
2629057000,2023-05-31,부산광역시,남구,용호제1동,42904,20535,22369,42926,20561,22365,22,26,-4
2629058000,2023-05-31,부산광역시,남구,용호제2동,19008,9221,9787,19173,9296,9877,165,75,90
2629059000,2023-05-31,부산광역시,남구,용호제3동,11463,5543,5920,11434,5522,5912,-29,-21,-8
2629060000,2023-05-31,부산광역시,남구,용호제4동,7908,3790,4118,7874,3766,4108,-34,-24,-10
2629061000,2023-05-31,부산광역시,남구,용당동,7986,4035,3951,7989,4036,3953,3,1,2
2629062000,2023-05-31,부산광역시,남구,감만제1동,9836,5023,4813,9760,4976,4784,-76,-47,-29
2629063000,2023-05-31,부산광역시,남구,감만제2동,6666,3261,3405,6616,3243,3373,-50,-18,-32
2629064500,2023-05-31,부산광역시,남구,우암동,12576,6160,6416,12551,6147,6404,-25,-13,-12
2629068000,2023-05-31,부산광역시,남구,문현제1동,11435,5610,5825,11333,5551,5782,-102,-59,-43
2629069000,2023-05-31,부산광역시,남구,문현제2동,8090,4016,4074,8049,3997,4052,-41,-19,-22
2629070000,2023-05-31,부산광역시,남구,문현제3동,16700,8106,8594,16667,8090,8577,-33,-16,-17
2629071000,2023-05-31,부산광역시,남구,문현제4동,8948,4351,4597,8974,4366,4608,26,15,11
2632051000,2023-05-31,부산광역시,북구,구포제1동,15897,7950,7947,15841,7918,7923,-56,-32,-24
2632052000,2023-05-31,부산광역시,북구,구포제2동,24265,12390,11875,24245,12378,11867,-20,-12,-8
2632052100,2023-05-31,부산광역시,북구,구포제3동,18834,9695,9139,18766,9656,9110,-68,-39,-29
2632053000,2023-05-31,부산광역시,북구,금곡동,36500,17612,18888,36372,17544,18828,-128,-68,-60
2632054100,2023-05-31,부산광역시,북구,화명제1동,40367,19688,20679,40387,19696,20691,20,8,12
2632054200,2023-05-31,부산광역시,북구,화명제2동,17466,8500,8966,17462,8491,8971,-4,-9,5
2632054300,2023-05-31,부산광역시,북구,화명제3동,28737,14012,14725,28727,14009,14718,-10,-3,-7
2632055000,2023-05-31,부산광역시,북구,덕천제1동,11869,5833,6036,11905,5849,6056,36,16,20
2632056000,2023-05-31,부산광역시,북구,덕천제2동,11502,5733,5769,11485,5722,5763,-17,-11,-6
2632056100,2023-05-31,부산광역시,북구,덕천제3동,10331,5001,5330,10298,4984,5314,-33,-17,-16
2632057100,2023-05-31,부산광역시,북구,만덕제1동,16618,8113,8505,16563,8092,8471,-55,-21,-34
2632057200,2023-05-31,부산광역시,북구,만덕제2동,26912,13157,13755,26899,13148,13751,-13,-9,-4
2632057300,2023-05-31,부산광역시,북구,만덕제3동,18092,8786,9306,18032,8764,9268,-60,-22,-38
2635051000,2023-05-31,부산광역시,해운대구,우제1동,22171,10515,11656,22239,10546,11693,68,31,37
2635052000,2023-05-31,부산광역시,해운대구,우제2동,30155,14274,15881,30173,14284,15889,18,10,8
2635052500,2023-05-31,부산광역시,해운대구,우제3동,28129,13290,14839,28096,13261,14835,-33,-29,-4
2635053000,2023-05-31,부산광역시,해운대구,중제1동,27341,13079,14262,27353,13104,14249,12,25,-13
2635054000,2023-05-31,부산광역시,해운대구,중제2동,15354,7329,8025,15313,7298,8015,-41,-31,-10
2635055100,2023-05-31,부산광역시,해운대구,좌제1동,17559,8169,9390,17535,8165,9370,-24,-4,-20
2635055200,2023-05-31,부산광역시,해운대구,좌제2동,31067,14330,16737,31008,14286,16722,-59,-44,-15
2635055300,2023-05-31,부산광역시,해운대구,좌제3동,15531,7282,8249,15523,7282,8241,-8,0,-8
2635055400,2023-05-31,부산광역시,해운대구,좌제4동,22419,10615,11804,22390,10612,11778,-29,-3,-26
2635056000,2023-05-31,부산광역시,해운대구,송정동,9548,4605,4943,9506,4588,4918,-42,-17,-25
2635057000,2023-05-31,부산광역시,해운대구,반여제1동,34605,17004,17601,34611,17011,17600,6,7,-1
2635058000,2023-05-31,부산광역시,해운대구,반여제2동,12006,5823,6183,11956,5798,6158,-50,-25,-25
2635059000,2023-05-31,부산광역시,해운대구,반여제3동,8100,3958,4142,8074,3935,4139,-26,-23,-3
2635059500,2023-05-31,부산광역시,해운대구,반여제4동,15120,7434,7686,15079,7397,7682,-41,-37,-4
2635061000,2023-05-31,부산광역시,해운대구,반송제1동,13050,6529,6521,13017,6518,6499,-33,-11,-22
2635062000,2023-05-31,부산광역시,해운대구,반송제2동,22086,10740,11346,22011,10690,11321,-75,-50,-25
2635065000,2023-05-31,부산광역시,해운대구,재송제1동,36772,18020,18752,36864,18076,18788,92,56,36
2635066000,2023-05-31,부산광역시,해운대구,재송제2동,23322,11289,12033,23288,11266,12022,-34,-23,-11
2638051000,2023-05-31,부산광역시,사하구,괴정제1동,18562,8862,9700,18510,8820,9690,-52,-42,-10
2638052000,2023-05-31,부산광역시,사하구,괴정제2동,15335,7418,7917,15334,7426,7908,-1,8,-9
2638053000,2023-05-31,부산광역시,사하구,괴정제3동,11906,5663,6243,11890,5665,6225,-16,2,-18
2638054000,2023-05-31,부산광역시,사하구,괴정제4동,14513,7108,7405,14794,7226,7568,281,118,163
2638055000,2023-05-31,부산광역시,사하구,당리동,25001,12153,12848,24819,12068,12751,-182,-85,-97
2638056100,2023-05-31,부산광역시,사하구,하단제1동,21561,10753,10808,21593,10765,10828,32,12,20
2638056200,2023-05-31,부산광역시,사하구,하단제2동,25233,12687,12546,25249,12674,12575,16,-13,29
2638057100,2023-05-31,부산광역시,사하구,신평제1동,16043,8254,7789,16007,8233,7774,-36,-21,-15
2638057200,2023-05-31,부산광역시,사하구,신평제2동,17400,8660,8740,17390,8653,8737,-10,-7,-3
2638058000,2023-05-31,부산광역시,사하구,장림제1동,10346,5354,4992,10336,5346,4990,-10,-8,-2
2638059000,2023-05-31,부산광역시,사하구,장림제2동,26419,13425,12994,26334,13364,12970,-85,-61,-24
2638060100,2023-05-31,부산광역시,사하구,다대제1동,37282,18623,18659,37179,18554,18625,-103,-69,-34
2638060200,2023-05-31,부산광역시,사하구,다대제2동,26227,12877,13350,26187,12857,13330,-40,-20,-20
2638061000,2023-05-31,부산광역시,사하구,구평동,12702,6487,6215,12667,6469,6198,-35,-18,-17
2638062000,2023-05-31,부산광역시,사하구,감천제1동,17605,8655,8950,17557,8631,8926,-48,-24,-24
2638063000,2023-05-31,부산광역시,사하구,감천제2동,5574,2819,2755,5552,2802,2750,-22,-17,-5
2641051000,2023-05-31,부산광역시,금정구,서제1동,4832,2526,2306,4799,2515,2284,-33,-11,-22
2641052000,2023-05-31,부산광역시,금정구,서제2동,8699,4352,4347,8678,4344,4334,-21,-8,-13
2641053000,2023-05-31,부산광역시,금정구,서제3동,10686,5321,5365,10649,5294,5355,-37,-27,-10
2641055500,2023-05-31,부산광역시,금정구,금사회동동,7491,3927,3564,7485,3929,3556,-6,2,-8
2641057000,2023-05-31,부산광역시,금정구,부곡제1동,7874,3803,4071,7850,3787,4063,-24,-16,-8
2641058000,2023-05-31,부산광역시,금정구,부곡제2동,17474,8287,9187,17432,8264,9168,-42,-23,-19
2641059000,2023-05-31,부산광역시,금정구,부곡제3동,15222,7265,7957,15234,7268,7966,12,3,9
2641059100,2023-05-31,부산광역시,금정구,부곡제4동,12278,5881,6397,12230,5850,6380,-48,-31,-17
2641060000,2023-05-31,부산광역시,금정구,장전제1동,18045,9445,8600,18040,9443,8597,-5,-2,-3
2641061000,2023-05-31,부산광역시,금정구,장전제2동,25942,12529,13413,25985,12555,13430,43,26,17
2641063500,2023-05-31,부산광역시,금정구,선두구동,2201,1171,1030,2190,1162,1028,-11,-9,-2
2641066500,2023-05-31,부산광역시,금정구,청룡노포동,9637,4718,4919,9635,4718,4917,-2,0,-2
2641067000,2023-05-31,부산광역시,금정구,남산동,27269,13261,14008,27206,13217,13989,-63,-44,-19
2641068000,2023-05-31,부산광역시,금정구,구서제1동,19064,9004,10060,19025,8989,10036,-39,-15,-24
2641069000,2023-05-31,부산광역시,금정구,구서제2동,31800,15191,16609,31763,15175,16588,-37,-16,-21
2641070000,2023-05-31,부산광역시,금정구,금성동,970,476,494,976,477,499,6,1,5
2644051000,2023-05-31,부산광역시,강서구,대저1동,6122,3379,2743,6087,3362,2725,-35,-17,-18
2644052000,2023-05-31,부산광역시,강서구,대저2동,6886,3871,3015,6844,3842,3002,-42,-29,-13
2644053000,2023-05-31,부산광역시,강서구,강동동,4037,2155,1882,4032,2150,1882,-5,-5,0
2644053500,2023-05-31,부산광역시,강서구,명지1동,53964,27057,26907,54132,27165,26967,168,108,60
2644054500,2023-05-31,부산광역시,강서구,명지2동,30119,15030,15089,30137,15037,15100,18,7,11
2644055000,2023-05-31,부산광역시,강서구,가락동,2228,1198,1030,2212,1196,1016,-16,-2,-14
2644056000,2023-05-31,부산광역시,강서구,녹산동,35429,19200,16229,35381,19188,16193,-48,-12,-36
2644058000,2023-05-31,부산광역시,강서구,가덕도동,4198,2218,1980,4204,2222,1982,6,4,2
2647061000,2023-05-31,부산광역시,연제구,거제제1동,28287,13598,14689,28236,13573,14663,-51,-25,-26
2647062000,2023-05-31,부산광역시,연제구,거제제2동,12523,5922,6601,12581,5945,6636,58,23,35
2647063000,2023-05-31,부산광역시,연제구,거제제3동,9624,4546,5078,9623,4546,5077,-1,0,-1
2647064000,2023-05-31,부산광역시,연제구,거제제4동,9884,4830,5054,9854,4816,5038,-30,-14,-16
2647065000,2023-05-31,부산광역시,연제구,연산제1동,16376,7985,8391,16330,7953,8377,-46,-32,-14
2647066000,2023-05-31,부산광역시,연제구,연산제2동,19998,9532,10466,20012,9538,10474,14,6,8
2647067000,2023-05-31,부산광역시,연제구,연산제3동,10834,5221,5613,10819,5216,5603,-15,-5,-10
2647068000,2023-05-31,부산광역시,연제구,연산제4동,15744,7545,8199,15704,7512,8192,-40,-33,-7
2647069000,2023-05-31,부산광역시,연제구,연산제5동,16404,7761,8643,16571,7842,8729,167,81,86
2647070000,2023-05-31,부산광역시,연제구,연산제6동,16147,7735,8412,16121,7722,8399,-26,-13,-13
2647072000,2023-05-31,부산광역시,연제구,연산제8동,13611,6630,6981,13579,6614,6965,-32,-16,-16
2647073000,2023-05-31,부산광역시,연제구,연산제9동,33649,16003,17646,33582,15971,17611,-67,-32,-35
2650066000,2023-05-31,부산광역시,수영구,남천제1동,15891,7292,8599,15976,7327,8649,85,35,50
2650067000,2023-05-31,부산광역시,수영구,남천제2동,12724,5910,6814,12882,5986,6896,158,76,82
2650073000,2023-05-31,부산광역시,수영구,수영동,14119,6724,7395,14102,6718,7384,-17,-6,-11
2650074000,2023-05-31,부산광역시,수영구,망미제1동,26926,12795,14131,26854,12756,14098,-72,-39,-33
2650075000,2023-05-31,부산광역시,수영구,망미제2동,10260,5012,5248,10229,4989,5240,-31,-23,-8
2650076000,2023-05-31,부산광역시,수영구,광안제1동,25782,11922,13860,25750,11903,13847,-32,-19,-13
2650077000,2023-05-31,부산광역시,수영구,광안제2동,18633,8633,10000,18632,8611,10021,-1,-22,21
2650078000,2023-05-31,부산광역시,수영구,광안제3동,9585,4449,5136,9585,4454,5131,0,5,-5
2650079000,2023-05-31,부산광역시,수영구,광안제4동,13472,6093,7379,13451,6073,7378,-21,-20,-1
2650080000,2023-05-31,부산광역시,수영구,민락동,28034,13509,14525,28009,13492,14517,-25,-17,-8
2653058000,2023-05-31,부산광역시,사상구,삼락동,5470,2873,2597,5466,2866,2600,-4,-7,3
2653059100,2023-05-31,부산광역시,사상구,모라제1동,27099,13500,13599,27046,13470,13576,-53,-30,-23
2653059300,2023-05-31,부산광역시,사상구,모라제3동,9636,4562,5074,9628,4555,5073,-8,-7,-1
2653060000,2023-05-31,부산광역시,사상구,덕포제1동,8289,4222,4067,8291,4230,4061,2,8,-6
2653061000,2023-05-31,부산광역시,사상구,덕포제2동,12473,6308,6165,12458,6299,6159,-15,-9,-6
2653062000,2023-05-31,부산광역시,사상구,괘법동,24547,12636,11911,24683,12696,11987,136,60,76
2653064500,2023-05-31,부산광역시,사상구,감전동,12587,6653,5934,12506,6612,5894,-81,-41,-40
2653065000,2023-05-31,부산광역시,사상구,주례제1동,16643,8419,8224,16686,8457,8229,43,38,5
2653066000,2023-05-31,부산광역시,사상구,주례제2동,22040,11051,10989,22022,11028,10994,-18,-23,5
2653066100,2023-05-31,부산광역시,사상구,주례제3동,12488,6086,6402,12482,6087,6395,-6,1,-7
2653067000,2023-05-31,부산광역시,사상구,학장동,27161,13460,13701,27091,13424,13667,-70,-36,-34
2653068000,2023-05-31,부산광역시,사상구,엄궁동,24985,12466,12519,24955,12443,12512,-30,-23,-7
2671025000,2023-05-31,부산광역시,기장군,기장읍,52890,25801,27089,52702,25704,26998,-188,-97,-91
2671025300,2023-05-31,부산광역시,기장군,장안읍,8821,4757,4064,8805,4749,4056,-16,-8,-8
2671025600,2023-05-31,부산광역시,기장군,정관읍,80830,40016,40814,80837,40015,40822,7,-1,8
2671025900,2023-05-31,부산광역시,기장군,일광읍,29042,14317,14725,29284,14425,14859,242,108,134
2671033000,2023-05-31,부산광역시,기장군,철마면,7788,3953,3835,7813,3957,3856,25,4,21
2711051700,2023-05-31,대구광역시,중구,동인동,8369,4173,4196,8384,4188,4196,15,15,0
2711054500,2023-05-31,대구광역시,중구,삼덕동,6307,3021,3286,6306,3023,3283,-1,2,-3
2711056500,2023-05-31,대구광역시,중구,성내1동,4803,2292,2511,4794,2291,2503,-9,-1,-8
2711057500,2023-05-31,대구광역시,중구,성내2동,5061,2544,2517,5069,2539,2530,8,-5,13
2711058500,2023-05-31,대구광역시,중구,성내3동,4860,2443,2417,4874,2445,2429,14,2,12
2711059500,2023-05-31,대구광역시,중구,대신동,7478,3615,3863,7468,3611,3857,-10,-4,-6
2711064000,2023-05-31,대구광역시,중구,남산1동,4376,2078,2298,4342,2055,2287,-34,-23,-11
2711065000,2023-05-31,대구광역시,중구,남산2동,7304,3470,3834,7356,3497,3859,52,27,25
2711066000,2023-05-31,대구광역시,중구,남산3동,6354,2903,3451,6338,2889,3449,-16,-14,-2
2711067000,2023-05-31,대구광역시,중구,남산4동,15985,7522,8463,16234,7633,8601,249,111,138
2711068000,2023-05-31,대구광역시,중구,대봉1동,7835,3664,4171,7829,3657,4172,-6,-7,1
2711069000,2023-05-31,대구광역시,중구,대봉2동,4706,2257,2449,4708,2261,2447,2,4,-2
2714051000,2023-05-31,대구광역시,동구,신암1동,8786,4397,4389,8729,4357,4372,-57,-40,-17
2714052000,2023-05-31,대구광역시,동구,신암2동,10082,4765,5317,10080,4758,5322,-2,-7,5
2714053000,2023-05-31,대구광역시,동구,신암3동,11288,5536,5752,11289,5538,5751,1,2,-1
2714054000,2023-05-31,대구광역시,동구,신암4동,10931,5445,5486,11876,5896,5980,945,451,494
2714054100,2023-05-31,대구광역시,동구,신암5동,7435,3539,3896,7665,3658,4007,230,119,111
2714055500,2023-05-31,대구광역시,동구,신천1.2동,12305,5778,6527,12236,5741,6495,-69,-37,-32
2714057000,2023-05-31,대구광역시,동구,신천3동,14684,7268,7416,14679,7254,7425,-5,-14,9
2714058000,2023-05-31,대구광역시,동구,신천4동,8329,4094,4235,8301,4084,4217,-28,-10,-18
2714059000,2023-05-31,대구광역시,동구,효목1동,13005,6434,6571,12887,6382,6505,-118,-52,-66
2714060000,2023-05-31,대구광역시,동구,효목2동,13013,6211,6802,13250,6323,6927,237,112,125
2714061500,2023-05-31,대구광역시,동구,도평동,3852,2073,1779,3849,2076,1773,-3,3,-6
2714062000,2023-05-31,대구광역시,동구,불로.봉무동,20850,10259,10591,20840,10249,10591,-10,-10,0
2714064000,2023-05-31,대구광역시,동구,지저동,13941,6958,6983,13896,6934,6962,-45,-24,-21
2714065500,2023-05-31,대구광역시,동구,동촌동,15101,7571,7530,15061,7557,7504,-40,-14,-26
2714067000,2023-05-31,대구광역시,동구,방촌동,18316,8828,9488,18237,8785,9452,-79,-43,-36
2714068500,2023-05-31,대구광역시,동구,해안동,14640,7329,7311,14626,7321,7305,-14,-8,-6
2714072000,2023-05-31,대구광역시,동구,안심1동,40688,19794,20894,40484,19681,20803,-204,-113,-91
2714073000,2023-05-31,대구광역시,동구,안심2동,12235,6087,6148,12785,6353,6432,550,266,284
2714074200,2023-05-31,대구광역시,동구,안심3동,21618,10499,11119,21523,10445,11078,-95,-54,-41
2714074700,2023-05-31,대구광역시,동구,안심4동,28034,13856,14178,27893,13776,14117,-141,-80,-61
2714075500,2023-05-31,대구광역시,동구,혁신동,18412,9091,9321,18293,9031,9262,-119,-60,-59
2714076000,2023-05-31,대구광역시,동구,공산동,21275,10405,10870,21198,10371,10827,-77,-34,-43
2717051000,2023-05-31,대구광역시,서구,내당1동,10094,4983,5111,10072,4967,5105,-22,-16,-6
2717052500,2023-05-31,대구광역시,서구,내당2.3동,9130,4407,4723,9050,4363,4687,-80,-44,-36
2717054000,2023-05-31,대구광역시,서구,내당4동,15760,7535,8225,15704,7514,8190,-56,-21,-35
2717055000,2023-05-31,대구광역시,서구,비산1동,9188,4671,4517,9160,4648,4512,-28,-23,-5
2717056500,2023-05-31,대구광역시,서구,비산2.3동,8774,4284,4490,8735,4269,4466,-39,-15,-24
2717058000,2023-05-31,대구광역시,서구,비산4동,9354,4528,4826,9306,4493,4813,-48,-35,-13
2717059000,2023-05-31,대구광역시,서구,비산5동,5754,2920,2834,5734,2906,2828,-20,-14,-6
2717060000,2023-05-31,대구광역시,서구,비산6동,7239,3560,3679,7224,3551,3673,-15,-9,-6
2717061000,2023-05-31,대구광역시,서구,비산7동,9367,4943,4424,9304,4910,4394,-63,-33,-30
2717062000,2023-05-31,대구광역시,서구,평리1동,7419,3722,3697,7364,3703,3661,-55,-19,-36
2717063000,2023-05-31,대구광역시,서구,평리2동,7614,3702,3912,7589,3693,3896,-25,-9,-16
2717064000,2023-05-31,대구광역시,서구,평리3동,9431,4735,4696,9374,4706,4668,-57,-29,-28
2717065000,2023-05-31,대구광역시,서구,평리4동,17255,8549,8706,17154,8494,8660,-101,-55,-46
2717066000,2023-05-31,대구광역시,서구,평리5동,1689,904,785,2551,1342,1209,862,438,424
2717066100,2023-05-31,대구광역시,서구,평리6동,4415,2360,2055,5035,2665,2370,620,305,315
2717067500,2023-05-31,대구광역시,서구,상중이동,19191,9591,9600,19100,9537,9563,-91,-54,-37
2717069500,2023-05-31,대구광역시,서구,원대동,7233,3663,3570,7190,3644,3546,-43,-19,-24
2720051500,2023-05-31,대구광역시,남구,이천동,11817,5584,6233,12022,5683,6339,205,99,106
2720053000,2023-05-31,대구광역시,남구,봉덕1동,8725,4200,4525,8678,4171,4507,-47,-29,-18
2720054000,2023-05-31,대구광역시,남구,봉덕2동,12948,6114,6834,13007,6141,6866,59,27,32
2720055000,2023-05-31,대구광역시,남구,봉덕3동,15663,7409,8254,15633,7402,8231,-30,-7,-23
2720056000,2023-05-31,대구광역시,남구,대명1동,10798,5247,5551,10751,5231,5520,-47,-16,-31
2720057100,2023-05-31,대구광역시,남구,대명2동,12007,5681,6326,11993,5675,6318,-14,-6,-8
2720058600,2023-05-31,대구광역시,남구,대명3동,10393,5113,5280,10376,5109,5267,-17,-4,-13
2720059000,2023-05-31,대구광역시,남구,대명4동,10399,5008,5391,10378,4991,5387,-21,-17,-4
2720060000,2023-05-31,대구광역시,남구,대명5동,5841,2753,3088,5785,2720,3065,-56,-33,-23
2720061000,2023-05-31,대구광역시,남구,대명6동,11393,5452,5941,11435,5461,5974,42,9,33
2720064000,2023-05-31,대구광역시,남구,대명9동,14832,7213,7619,14794,7203,7591,-38,-10,-28
2720065000,2023-05-31,대구광역시,남구,대명10동,8657,4072,4585,8617,4051,4566,-40,-21,-19
2720066000,2023-05-31,대구광역시,남구,대명11동,8167,3858,4309,8108,3824,4284,-59,-34,-25
2723051000,2023-05-31,대구광역시,북구,고성동,4630,2236,2394,4674,2258,2416,44,22,22
2723052600,2023-05-31,대구광역시,북구,칠성동,22883,10926,11957,22847,10914,11933,-36,-12,-24
2723055000,2023-05-31,대구광역시,북구,침산1동,3905,2070,1835,3878,2059,1819,-27,-11,-16
2723056000,2023-05-31,대구광역시,북구,침산2동,18244,8793,9451,18226,8792,9434,-18,-1,-17
2723057000,2023-05-31,대구광역시,북구,침산3동,19224,9233,9991,19152,9187,9965,-72,-46,-26
2723061000,2023-05-31,대구광역시,북구,산격1동,8672,4295,4377,8637,4279,4358,-35,-16,-19
2723062000,2023-05-31,대구광역시,북구,산격2동,10423,5087,5336,10363,5060,5303,-60,-27,-33
2723063000,2023-05-31,대구광역시,북구,산격3동,9156,4826,4330,9123,4808,4315,-33,-18,-15
2723063100,2023-05-31,대구광역시,북구,산격4동,8117,4257,3860,8067,4233,3834,-50,-24,-26
2723064500,2023-05-31,대구광역시,북구,대현동,16917,8511,8406,16871,8492,8379,-46,-19,-27
2723067100,2023-05-31,대구광역시,북구,복현1동,7431,4156,3275,7421,4148,3273,-10,-8,-2
2723067200,2023-05-31,대구광역시,북구,복현2동,30747,15214,15533,30538,15117,15421,-209,-97,-112
2723068000,2023-05-31,대구광역시,북구,검단동,6189,3069,3120,6139,3042,3097,-50,-27,-23
2723069500,2023-05-31,대구광역시,북구,무태조야동,35478,18106,17372,35318,18013,17305,-160,-93,-67
2723071500,2023-05-31,대구광역시,북구,관문동,35395,17565,17830,35271,17504,17767,-124,-61,-63
2723072500,2023-05-31,대구광역시,북구,태전1동,21815,10901,10914,21786,10874,10912,-29,-27,-2
2723073500,2023-05-31,대구광역시,북구,태전2동,23796,11626,12170,23744,11602,12142,-52,-24,-28
2723074500,2023-05-31,대구광역시,북구,구암동,33827,16570,17257,33628,16455,17173,-199,-115,-84
2723075000,2023-05-31,대구광역시,북구,관음동,15785,7973,7812,15701,7927,7774,-84,-46,-38
2723077000,2023-05-31,대구광역시,북구,읍내동,25957,12834,13123,25890,12817,13073,-67,-17,-50
2723078000,2023-05-31,대구광역시,북구,동천동,27113,13148,13965,26983,13077,13906,-130,-71,-59
2723079000,2023-05-31,대구광역시,북구,노원동,11035,5753,5282,11006,5730,5276,-29,-23,-6
2723080000,2023-05-31,대구광역시,북구,국우동,30381,14984,15397,30939,15266,15673,558,282,276
2726051000,2023-05-31,대구광역시,수성구,범어1동,16205,7721,8484,16152,7687,8465,-53,-34,-19
2726052000,2023-05-31,대구광역시,수성구,범어2동,14975,7173,7802,14934,7142,7792,-41,-31,-10
2726053000,2023-05-31,대구광역시,수성구,범어3동,17165,8236,8929,17187,8242,8945,22,6,16
2726054000,2023-05-31,대구광역시,수성구,범어4동,19686,9709,9977,19658,9700,9958,-28,-9,-19
2726055000,2023-05-31,대구광역시,수성구,만촌1동,22015,10703,11312,21940,10670,11270,-75,-33,-42
2726056000,2023-05-31,대구광역시,수성구,만촌2동,10678,5318,5360,10626,5302,5324,-52,-16,-36
2726056100,2023-05-31,대구광역시,수성구,만촌3동,19872,10386,9486,19990,10442,9548,118,56,62
2726057000,2023-05-31,대구광역시,수성구,수성1가동,17205,7839,9366,17186,7836,9350,-19,-3,-16
2726058000,2023-05-31,대구광역시,수성구,수성2.3가동,11280,5469,5811,11255,5456,5799,-25,-13,-12
2726059000,2023-05-31,대구광역시,수성구,수성4가동,13746,6375,7371,13679,6334,7345,-67,-41,-26
2726060100,2023-05-31,대구광역시,수성구,황금1동,22751,10859,11892,22733,10853,11880,-18,-6,-12
2726060200,2023-05-31,대구광역시,수성구,황금2동,11996,5746,6250,11932,5702,6230,-64,-44,-20
2726061000,2023-05-31,대구광역시,수성구,중동,12731,6296,6435,12794,6331,6463,63,35,28
2726062000,2023-05-31,대구광역시,수성구,상동,15513,7494,8019,15458,7444,8014,-55,-50,-5
2726063000,2023-05-31,대구광역시,수성구,파동,11951,5712,6239,11924,5695,6229,-27,-17,-10
2726064000,2023-05-31,대구광역시,수성구,두산동,14754,7160,7594,14745,7155,7590,-9,-5,-4
2726065100,2023-05-31,대구광역시,수성구,지산1동,20782,9903,10879,20683,9848,10835,-99,-55,-44
2726065200,2023-05-31,대구광역시,수성구,지산2동,17830,8421,9409,17766,8385,9381,-64,-36,-28
2726066100,2023-05-31,대구광역시,수성구,범물1동,10836,4892,5944,10810,4877,5933,-26,-15,-11
2726066200,2023-05-31,대구광역시,수성구,범물2동,16725,8056,8669,16720,8056,8664,-5,0,-5
2726067000,2023-05-31,대구광역시,수성구,고산1동,31105,15049,16056,31039,15030,16009,-66,-19,-47
2726068000,2023-05-31,대구광역시,수성구,고산2동,27672,13632,14040,27613,13596,14017,-59,-36,-23
2726069000,2023-05-31,대구광역시,수성구,고산3동,31946,15358,16588,31873,15335,16538,-73,-23,-50
2729051500,2023-05-31,대구광역시,달서구,성당동,22461,10914,11547,22380,10868,11512,-81,-46,-35
2729053500,2023-05-31,대구광역시,달서구,두류1.2동,15021,7343,7678,15030,7352,7678,9,9,0
2729055000,2023-05-31,대구광역시,달서구,두류3동,8429,4072,4357,8479,4093,4386,50,21,29
2729055500,2023-05-31,대구광역시,달서구,감삼동,28895,14054,14841,28967,14092,14875,72,38,34
2729056300,2023-05-31,대구광역시,달서구,죽전동,12866,6345,6521,12770,6299,6471,-96,-46,-50
2729056800,2023-05-31,대구광역시,달서구,장기동,16489,8081,8408,16451,8060,8391,-38,-21,-17
2729057100,2023-05-31,대구광역시,달서구,용산1동,29655,14834,14821,29578,14779,14799,-77,-55,-22
2729057200,2023-05-31,대구광역시,달서구,용산2동,27351,13674,13677,27250,13628,13622,-101,-46,-55
2729057600,2023-05-31,대구광역시,달서구,이곡1동,21982,10975,11007,21870,10924,10946,-112,-51,-61
2729057700,2023-05-31,대구광역시,달서구,이곡2동,15664,7900,7764,15612,7878,7734,-52,-22,-30
2729058500,2023-05-31,대구광역시,달서구,신당동,30611,15501,15110,30463,15422,15041,-148,-79,-69
2729059000,2023-05-31,대구광역시,달서구,본리동,19706,9699,10007,19651,9674,9977,-55,-25,-30
2729060100,2023-05-31,대구광역시,달서구,월성1동,40782,19944,20838,40841,19982,20859,59,38,21
2729060200,2023-05-31,대구광역시,달서구,월성2동,15062,7123,7939,14996,7096,7900,-66,-27,-39
2729061500,2023-05-31,대구광역시,달서구,진천동,51470,25128,26342,51327,25053,26274,-143,-75,-68
2729061700,2023-05-31,대구광역시,달서구,유천동,33873,16673,17200,33877,16676,17201,4,3,1
2729062400,2023-05-31,대구광역시,달서구,상인1동,34603,16881,17722,34596,16862,17734,-7,-19,12
2729062500,2023-05-31,대구광역시,달서구,상인2동,18767,9284,9483,18695,9236,9459,-72,-48,-24
2729062600,2023-05-31,대구광역시,달서구,상인3동,10631,5056,5575,10603,5042,5561,-28,-14,-14
2729062800,2023-05-31,대구광역시,달서구,도원동,34017,16398,17619,33924,16349,17575,-93,-49,-44
2729063000,2023-05-31,대구광역시,달서구,송현1동,18313,9102,9211,18159,9030,9129,-154,-72,-82
2729064000,2023-05-31,대구광역시,달서구,송현2동,17196,8243,8953,17182,8232,8950,-14,-11,-3
2729065000,2023-05-31,대구광역시,달서구,본동,11812,5816,5996,11764,5781,5983,-48,-35,-13
2771025000,2023-05-31,대구광역시,달성군,화원읍,46751,23211,23540,46876,23258,23618,125,47,78
2771025300,2023-05-31,대구광역시,달성군,논공읍,4555,2450,2105,4544,2459,2085,-11,9,-20
2771025400,2023-05-31,대구광역시,달성군,논공읍공단출장소,12430,6595,5835,12379,6584,5795,-51,-11,-40
2771025600,2023-05-31,대구광역시,달성군,다사읍,52230,25782,26448,52556,25949,26607,326,167,159
2771025700,2023-05-31,대구광역시,달성군,다사읍서재출장소,39702,20111,19591,39634,20073,19561,-68,-38,-30
2771025900,2023-05-31,대구광역시,달성군,유가읍,29300,14873,14427,29290,14842,14448,-10,-31,21
2771026200,2023-05-31,대구광역시,달성군,옥포읍,24383,12278,12105,24341,12252,12089,-42,-26,-16
2771026500,2023-05-31,대구광역시,달성군,현풍읍,22910,12068,10842,22872,12046,10826,-38,-22,-16
2771031000,2023-05-31,대구광역시,달성군,가창면,7555,3767,3788,7533,3761,3772,-22,-6,-16
2771033000,2023-05-31,대구광역시,달성군,하빈면,3477,1899,1578,3456,1887,1569,-21,-12,-9
2771038000,2023-05-31,대구광역시,달성군,구지면,19588,10368,9220,19585,10380,9205,-3,12,-15
2811052000,2023-05-31,인천광역시,중구,연안동,5642,3056,2586,5611,3038,2573,-31,-18,-13
2811053000,2023-05-31,인천광역시,중구,신포동,4800,2434,2366,4796,2438,2358,-4,4,-8
2811054000,2023-05-31,인천광역시,중구,신흥동,13398,6774,6624,13542,6857,6685,144,83,61
2811056000,2023-05-31,인천광역시,중구,도원동,3773,1944,1829,3750,1935,1815,-23,-9,-14
2811057000,2023-05-31,인천광역시,중구,율목동,3037,1563,1474,3008,1547,1461,-29,-16,-13
2811058500,2023-05-31,인천광역시,중구,동인천동,5590,2964,2626,5563,2948,2615,-27,-16,-11
2811061500,2023-05-31,인천광역시,중구,개항동,7095,3561,3534,7079,3549,3530,-16,-12,-4
2811062000,2023-05-31,인천광역시,중구,영종동,22667,12331,10336,22583,12285,10298,-84,-46,-38
2811062200,2023-05-31,인천광역시,중구,영종1동,49322,24664,24658,50283,25124,25159,961,460,501
2811062800,2023-05-31,인천광역시,중구,운서동,36305,19083,17222,36354,19121,17233,49,38,11
2811063000,2023-05-31,인천광역시,중구,용유동,3681,2042,1639,3671,2029,1642,-10,-13,3
2814051000,2023-05-31,인천광역시,동구,만석동,6616,3407,3209,6595,3401,3194,-21,-6,-15
2814052500,2023-05-31,인천광역시,동구,화수1.화평동,5706,2912,2794,5693,2909,2784,-13,-3,-10
2814053000,2023-05-31,인천광역시,동구,화수2동,7300,3588,3712,7256,3565,3691,-44,-23,-21
2814055500,2023-05-31,인천광역시,동구,송현1.2동,10018,4912,5106,9998,4897,5101,-20,-15,-5
2814057000,2023-05-31,인천광역시,동구,송현3동,3091,1605,1486,3071,1594,1477,-20,-11,-9
2814058000,2023-05-31,인천광역시,동구,송림1동,5056,2471,2585,5534,2692,2842,478,221,257
2814059000,2023-05-31,인천광역시,동구,송림2동,1795,944,851,1757,932,825,-38,-12,-26
2814060500,2023-05-31,인천광역시,동구,송림3.5동,5736,2877,2859,5711,2867,2844,-25,-10,-15
2814061000,2023-05-31,인천광역시,동구,송림4동,6111,3149,2962,6101,3144,2957,-10,-5,-5
2814063000,2023-05-31,인천광역시,동구,송림6동,5875,2941,2934,5876,2933,2943,1,-8,9
2814064000,2023-05-31,인천광역시,동구,금창동,2332,1174,1158,2314,1167,1147,-18,-7,-11
2817751000,2023-05-31,인천광역시,미추홀구,숭의2동,14357,7268,7089,14248,7208,7040,-109,-60,-49
2817752000,2023-05-31,인천광역시,미추홀구,숭의1.3동,15885,7889,7996,15886,7892,7994,1,3,-2
2817753000,2023-05-31,인천광역시,미추홀구,숭의4동,15529,7779,7750,15484,7752,7732,-45,-27,-18
2817754000,2023-05-31,인천광역시,미추홀구,용현1.4동,17692,9688,8004,17715,9714,8001,23,26,-3
2817755000,2023-05-31,인천광역시,미추홀구,용현2동,17408,8672,8736,17344,8632,8712,-64,-40,-24
2817756000,2023-05-31,인천광역시,미추홀구,용현3동,7371,3923,3448,7354,3918,3436,-17,-5,-12
2817757000,2023-05-31,인천광역시,미추홀구,용현5동,46286,22943,23343,46257,22922,23335,-29,-21,-8
2817758000,2023-05-31,인천광역시,미추홀구,학익1동,29941,14913,15028,29871,14875,14996,-70,-38,-32
2817759000,2023-05-31,인천광역시,미추홀구,학익2동,18244,8893,9351,18184,8859,9325,-60,-34,-26
2817760000,2023-05-31,인천광역시,미추홀구,도화1동,21463,10727,10736,21280,10632,10648,-183,-95,-88
2817761000,2023-05-31,인천광역시,미추홀구,도화2.3동,31961,16209,15752,31782,16129,15653,-179,-80,-99
2817762000,2023-05-31,인천광역시,미추홀구,주안1동,20550,10750,9800,20489,10735,9754,-61,-15,-46
2817763000,2023-05-31,인천광역시,미추홀구,주안2동,16210,8178,8032,16160,8153,8007,-50,-25,-25
2817764000,2023-05-31,인천광역시,미추홀구,주안3동,11354,5728,5626,11942,6030,5912,588,302,286
2817765000,2023-05-31,인천광역시,미추홀구,주안4동,17764,8784,8980,17848,8826,9022,84,42,42
2817766000,2023-05-31,인천광역시,미추홀구,주안5동,20422,10190,10232,20395,10188,10207,-27,-2,-25
2817767000,2023-05-31,인천광역시,미추홀구,주안6동,21459,10691,10768,21424,10672,10752,-35,-19,-16
2817768000,2023-05-31,인천광역시,미추홀구,주안7동,12049,5832,6217,12013,5807,6206,-36,-25,-11
2817769000,2023-05-31,인천광역시,미추홀구,주안8동,20064,9778,10286,19990,9755,10235,-74,-23,-51
2817770000,2023-05-31,인천광역시,미추홀구,관교동,14544,7101,7443,14496,7087,7409,-48,-14,-34
2817771000,2023-05-31,인천광역시,미추홀구,문학동,14299,7749,6550,14304,7751,6553,5,2,3
2818563000,2023-05-31,인천광역시,연수구,옥련1동,18612,9194,9418,18520,9138,9382,-92,-56,-36
2818564000,2023-05-31,인천광역시,연수구,옥련2동,19520,9623,9897,19476,9591,9885,-44,-32,-12
2818575000,2023-05-31,인천광역시,연수구,선학동,16484,8576,7908,16429,8561,7868,-55,-15,-40
2818576100,2023-05-31,인천광역시,연수구,연수1동,18106,9912,8194,18050,9886,8164,-56,-26,-30
2818576200,2023-05-31,인천광역시,연수구,연수2동,20318,9940,10378,20251,9919,10332,-67,-21,-46
2818576300,2023-05-31,인천광역시,연수구,연수3동,15492,7377,8115,15446,7357,8089,-46,-20,-26
2818576600,2023-05-31,인천광역시,연수구,청학동,23909,12408,11501,23805,12364,11441,-104,-44,-60
2818578000,2023-05-31,인천광역시,연수구,동춘1동,24772,12165,12607,24739,12144,12595,-33,-21,-12
2818579000,2023-05-31,인천광역시,연수구,동춘2동,17742,8605,9137,17698,8584,9114,-44,-21,-23
2818579500,2023-05-31,인천광역시,연수구,동춘3동,17904,8703,9201,17872,8687,9185,-32,-16,-16
2818582000,2023-05-31,인천광역시,연수구,송도1동,38276,18804,19472,38217,18783,19434,-59,-21,-38
2818583000,2023-05-31,인천광역시,연수구,송도2동,36390,17865,18525,36443,17895,18548,53,30,23
2818584000,2023-05-31,인천광역시,연수구,송도3동,48712,23813,24899,48622,23776,24846,-90,-37,-53
2818585000,2023-05-31,인천광역시,연수구,송도4동,28434,13948,14486,28689,14066,14623,255,118,137
2818586000,2023-05-31,인천광역시,연수구,송도5동,43935,21792,22143,44896,22294,22602,961,502,459
2820051000,2023-05-31,인천광역시,남동구,구월1동,31488,15298,16190,31595,15373,16222,107,75,32
2820052000,2023-05-31,인천광역시,남동구,구월2동,34951,17158,17793,34945,17142,17803,-6,-16,10
2820052100,2023-05-31,인천광역시,남동구,구월3동,29810,15009,14801,29795,14971,14824,-15,-38,23
2820052200,2023-05-31,인천광역시,남동구,구월4동,14101,7140,6961,14012,7095,6917,-89,-45,-44
2820053000,2023-05-31,인천광역시,남동구,간석1동,17422,8569,8853,17386,8560,8826,-36,-9,-27
2820054000,2023-05-31,인천광역시,남동구,간석2동,21372,10705,10667,21315,10680,10635,-57,-25,-32
2820055000,2023-05-31,인천광역시,남동구,간석3동,26500,13244,13256,26414,13204,13210,-86,-40,-46
2820055100,2023-05-31,인천광역시,남동구,간석4동,28743,14362,14381,28720,14334,14386,-23,-28,5
2820056000,2023-05-31,인천광역시,남동구,만수1동,16441,8007,8434,16354,7962,8392,-87,-45,-42
2820057000,2023-05-31,인천광역시,남동구,만수2동,23392,11462,11930,23306,11421,11885,-86,-41,-45
2820058000,2023-05-31,인천광역시,남동구,만수3동,17077,8607,8470,17030,8590,8440,-47,-17,-30
2820058100,2023-05-31,인천광역시,남동구,만수4동,19890,9644,10246,19811,9626,10185,-79,-18,-61
2820058200,2023-05-31,인천광역시,남동구,만수5동,15035,7487,7548,14936,7442,7494,-99,-45,-54
2820058300,2023-05-31,인천광역시,남동구,만수6동,23250,11282,11968,23213,11266,11947,-37,-16,-21
2820065000,2023-05-31,인천광역시,남동구,장수서창동,19266,9645,9621,19250,9641,9609,-16,-4,-12
2820065500,2023-05-31,인천광역시,남동구,서창2동,38554,19133,19421,38549,19127,19422,-5,-6,1
2820066000,2023-05-31,인천광역시,남동구,남촌도림동,20546,10541,10005,20500,10508,9992,-46,-33,-13
2820069000,2023-05-31,인천광역시,남동구,논현1동,31118,15679,15439,31075,15640,15435,-43,-39,-4
2820070000,2023-05-31,인천광역시,남동구,논현2동,32134,16221,15913,32033,16167,15866,-101,-54,-47
2820071000,2023-05-31,인천광역시,남동구,논현고잔동,40391,19959,20432,40295,19912,20383,-96,-47,-49
2823751000,2023-05-31,인천광역시,부평구,부평1동,35525,17031,18494,35475,17014,18461,-50,-17,-33
2823752000,2023-05-31,인천광역시,부평구,부평2동,15027,7476,7551,15056,7493,7563,29,17,12
2823753000,2023-05-31,인천광역시,부평구,부평3동,12311,6119,6192,12279,6108,6171,-32,-11,-21
2823754000,2023-05-31,인천광역시,부평구,부평4동,35824,17654,18170,35739,17581,18158,-85,-73,-12
2823755000,2023-05-31,인천광역시,부평구,부평5동,33156,16298,16858,33251,16339,16912,95,41,54
2823756000,2023-05-31,인천광역시,부평구,부평6동,14820,7322,7498,14880,7362,7518,60,40,20
2823757000,2023-05-31,인천광역시,부평구,산곡1동,14894,7399,7495,14954,7431,7523,60,32,28
2823758000,2023-05-31,인천광역시,부평구,산곡2동,30074,14792,15282,30038,14766,15272,-36,-26,-10
2823758100,2023-05-31,인천광역시,부평구,산곡3동,21166,10247,10919,21131,10226,10905,-35,-21,-14
2823758200,2023-05-31,인천광역시,부평구,산곡4동,17028,8154,8874,16987,8128,8859,-41,-26,-15
2823759100,2023-05-31,인천광역시,부평구,청천1동,6650,3547,3103,6627,3531,3096,-23,-16,-7
2823759200,2023-05-31,인천광역시,부평구,청천2동,34520,17219,17301,34478,17188,17290,-42,-31,-11
2823764100,2023-05-31,인천광역시,부평구,갈산1동,15956,8079,7877,15922,8061,7861,-34,-18,-16
2823764200,2023-05-31,인천광역시,부평구,갈산2동,17957,8687,9270,17928,8688,9240,-29,1,-30
2823764600,2023-05-31,인천광역시,부평구,삼산1동,33531,16415,17116,33519,16411,17108,-12,-4,-8
2823764800,2023-05-31,인천광역시,부평구,삼산2동,27957,13492,14465,27968,13482,14486,11,-10,21
2823765000,2023-05-31,인천광역시,부평구,부개1동,16354,8203,8151,16310,8171,8139,-44,-32,-12
2823766000,2023-05-31,인천광역시,부평구,부개2동,19449,9509,9940,19443,9495,9948,-6,-14,8
2823766100,2023-05-31,인천광역시,부평구,부개3동,29365,14079,15286,29305,14045,15260,-60,-34,-26
2823767000,2023-05-31,인천광역시,부평구,일신동,11987,6109,5878,11950,6084,5866,-37,-25,-12
2823768000,2023-05-31,인천광역시,부평구,십정1동,24529,12355,12174,24572,12365,12207,43,10,33
2823769000,2023-05-31,인천광역시,부평구,십정2동,21983,11412,10571,21928,11400,10528,-55,-12,-43
2824560100,2023-05-31,인천광역시,계양구,효성1동,26885,13467,13418,26865,13449,13416,-20,-18,-2
2824560200,2023-05-31,인천광역시,계양구,효성2동,28101,14189,13912,27991,14124,13867,-110,-65,-45
2824561100,2023-05-31,인천광역시,계양구,계산1동,18520,9750,8770,18447,9707,8740,-73,-43,-30
2824561200,2023-05-31,인천광역시,계양구,계산2동,15217,7556,7661,15184,7537,7647,-33,-19,-14
2824561300,2023-05-31,인천광역시,계양구,계산3동,18444,8827,9617,18366,8789,9577,-78,-38,-40
2824561400,2023-05-31,인천광역시,계양구,계산4동,22674,11443,11231,22678,11444,11234,4,1,3
2824562100,2023-05-31,인천광역시,계양구,작전1동,26676,13085,13591,26580,13041,13539,-96,-44,-52
2824562200,2023-05-31,인천광역시,계양구,작전2동,18884,9311,9573,18809,9273,9536,-75,-38,-37
2824564000,2023-05-31,인천광역시,계양구,작전서운동,33806,16792,17014,33723,16743,16980,-83,-49,-34
2824571000,2023-05-31,인천광역시,계양구,계양1동,19912,9851,10061,19775,9776,9999,-137,-75,-62
2824572000,2023-05-31,인천광역시,계양구,계양2동,32052,15912,16140,32437,16112,16325,385,200,185
2824573000,2023-05-31,인천광역시,계양구,계양3동,24603,12130,12473,24521,12099,12422,-82,-31,-51
2826051500,2023-05-31,인천광역시,서구,검암경서동,44868,22967,21901,44717,22879,21838,-151,-88,-63
2826053000,2023-05-31,인천광역시,서구,연희동,39038,19928,19110,38943,19857,19086,-95,-71,-24
2826053600,2023-05-31,인천광역시,서구,청라1동,30641,15246,15395,30609,15217,15392,-32,-29,-3
2826053700,2023-05-31,인천광역시,서구,청라2동,47842,23679,24163,47778,23636,24142,-64,-43,-21
2826053900,2023-05-31,인천광역시,서구,청라3동,34636,17268,17368,34714,17303,17411,78,35,43
2826054200,2023-05-31,인천광역시,서구,가정1동,37021,18514,18507,36943,18471,18472,-78,-43,-35
2826054300,2023-05-31,인천광역시,서구,가정2동,12700,6536,6164,14939,7667,7272,2239,1131,1108
2826054400,2023-05-31,인천광역시,서구,가정3동,9145,4556,4589,9116,4537,4579,-29,-19,-10
2826055000,2023-05-31,인천광역시,서구,석남1동,21480,11019,10461,21348,10949,10399,-132,-70,-62
2826056000,2023-05-31,인천광역시,서구,석남2동,12416,6401,6015,12362,6360,6002,-54,-41,-13
2826056100,2023-05-31,인천광역시,서구,석남3동,13254,6652,6602,13194,6613,6581,-60,-39,-21
2826057500,2023-05-31,인천광역시,서구,신현원창동,30334,15129,15205,30210,15079,15131,-124,-50,-74
2826058000,2023-05-31,인천광역시,서구,가좌1동,12866,6843,6023,12795,6809,5986,-71,-34,-37
2826059000,2023-05-31,인천광역시,서구,가좌2동,19107,9304,9803,19098,9303,9795,-9,-1,-8
2826060000,2023-05-31,인천광역시,서구,가좌3동,16197,8279,7918,16143,8252,7891,-54,-27,-27
2826061000,2023-05-31,인천광역시,서구,가좌4동,10042,5196,4846,10014,5187,4827,-28,-9,-19
2826068000,2023-05-31,인천광역시,서구,검단동,33160,17185,15975,33095,17155,15940,-65,-30,-35
2826069000,2023-05-31,인천광역시,서구,불로대곡동,23411,11904,11507,23402,11916,11486,-9,12,-21
2826070000,2023-05-31,인천광역시,서구,원당동,23177,11787,11390,23138,11769,11369,-39,-18,-21
2826071000,2023-05-31,인천광역시,서구,당하동,26806,13361,13445,26836,13370,13466,30,9,21
2826072000,2023-05-31,인천광역시,서구,오류왕길동,24843,12584,12259,24759,12518,12241,-84,-66,-18
2826073000,2023-05-31,인천광역시,서구,마전동,22046,10864,11182,21983,10839,11144,-63,-25,-38
2826074000,2023-05-31,인천광역시,서구,아라동,55548,27674,27874,56575,28197,28378,1027,523,504
2871025000,2023-05-31,인천광역시,강화군,강화읍,22557,11134,11423,22477,11088,11389,-80,-46,-34
2871031000,2023-05-31,인천광역시,강화군,선원면,7908,3952,3956,7922,3959,3963,14,7,7
2871032000,2023-05-31,인천광역시,강화군,불은면,5081,2561,2520,5084,2567,2517,3,6,-3
2871033000,2023-05-31,인천광역시,강화군,길상면,7305,3680,3625,7281,3663,3618,-24,-17,-7
2871034000,2023-05-31,인천광역시,강화군,화도면,4573,2313,2260,4572,2318,2254,-1,5,-6
2871035000,2023-05-31,인천광역시,강화군,양도면,4251,2122,2129,4252,2121,2131,1,-1,2
2871036000,2023-05-31,인천광역시,강화군,내가면,3062,1484,1578,3069,1488,1581,7,4,3
2871037000,2023-05-31,인천광역시,강화군,하점면,4037,2063,1974,4048,2068,1980,11,5,6
2871038000,2023-05-31,인천광역시,강화군,양사면,1911,957,954,1911,963,948,0,6,-6
2871039000,2023-05-31,인천광역시,강화군,송해면,3276,1658,1618,3284,1661,1623,8,3,5
2871040000,2023-05-31,인천광역시,강화군,교동면,2785,1442,1343,2765,1430,1335,-20,-12,-8
2871041000,2023-05-31,인천광역시,강화군,삼산면,2159,1126,1033,2153,1122,1031,-6,-4,-2
2871042000,2023-05-31,인천광역시,강화군,서도면,374,192,182,377,193,184,3,1,2
2871042500,2023-05-31,인천광역시,강화군,서도면볼음출장소,271,152,119,275,154,121,4,2,2
2872031000,2023-05-31,인천광역시,옹진군,북도면,1148,595,553,1152,595,557,4,0,4
2872031500,2023-05-31,인천광역시,옹진군,북도면장봉출장소,977,513,464,974,515,459,-3,2,-5
2872033000,2023-05-31,인천광역시,옹진군,백령면,4942,2912,2030,4933,2914,2019,-9,2,-11
2872034000,2023-05-31,인천광역시,옹진군,대청면,1209,701,508,1208,699,509,-1,-2,1
2872034500,2023-05-31,인천광역시,옹진군,대청면소청출장소,216,133,83,214,131,83,-2,-2,0
2872035000,2023-05-31,인천광역시,옹진군,덕적면,1920,1074,846,1930,1081,849,10,7,3
2872036000,2023-05-31,인천광역시,옹진군,영흥면,6595,3687,2908,6608,3696,2912,13,9,4
2872037000,2023-05-31,인천광역시,옹진군,자월면,967,524,443,970,527,443,3,3,0
2872037500,2023-05-31,인천광역시,옹진군,자월면이작출장소,385,203,182,380,200,180,-5,-3,-2
2872038000,2023-05-31,인천광역시,옹진군,연평면,2129,1354,775,2124,1351,773,-5,-3,-2
2911052500,2023-05-31,광주광역시,동구,충장동,5260,2612,2648,5316,2631,2685,56,19,37
2911054500,2023-05-31,광주광역시,동구,동명동,3707,1852,1855,3716,1854,1862,9,2,7
2911056000,2023-05-31,광주광역시,동구,계림1동,10567,5554,5013,10561,5547,5014,-6,-7,1
2911057000,2023-05-31,광주광역시,동구,계림2동,13070,6386,6684,13093,6388,6705,23,2,21
2911059000,2023-05-31,광주광역시,동구,산수1동,8151,4098,4053,8165,4104,4061,14,6,8
2911060000,2023-05-31,광주광역시,동구,산수2동,9996,4853,5143,9957,4825,5132,-39,-28,-11
2911062000,2023-05-31,광주광역시,동구,지산1동,4122,2123,1999,4122,2115,2007,0,-8,8
2911063000,2023-05-31,광주광역시,동구,지산2동,4336,2232,2104,4340,2239,2101,4,7,-3
2911065500,2023-05-31,광주광역시,동구,서남동,2953,1571,1382,2956,1569,1387,3,-2,5
2911068500,2023-05-31,광주광역시,동구,학동,7409,3526,3883,7404,3519,3885,-5,-7,2
2911071000,2023-05-31,광주광역시,동구,학운동,11155,5248,5907,11132,5239,5893,-23,-9,-14
2911073000,2023-05-31,광주광역시,동구,지원1동,9055,4415,4640,9063,4422,4641,8,7,1
2911074000,2023-05-31,광주광역시,동구,지원2동,16662,8000,8662,16770,8047,8723,108,47,61
2914057500,2023-05-31,광주광역시,서구,양동,3380,1673,1707,3357,1659,1698,-23,-14,-9
2914059000,2023-05-31,광주광역시,서구,양3동,4355,2121,2234,4338,2113,2225,-17,-8,-9
2914065000,2023-05-31,광주광역시,서구,농성1동,11430,5602,5828,11538,5659,5879,108,57,51
2914066000,2023-05-31,광주광역시,서구,농성2동,4576,2394,2182,4573,2395,2178,-3,1,-4
2914073000,2023-05-31,광주광역시,서구,광천동,7470,3853,3617,7441,3852,3589,-29,-1,-28
2914074000,2023-05-31,광주광역시,서구,유덕동,10589,5422,5167,10576,5406,5170,-13,-16,3
2914074500,2023-05-31,광주광역시,서구,치평동,29392,13938,15454,29377,13921,15456,-15,-17,2
2914075100,2023-05-31,광주광역시,서구,상무1동,24194,12117,12077,24177,12121,12056,-17,4,-21
2914075200,2023-05-31,광주광역시,서구,상무2동,22926,11161,11765,22844,11128,11716,-82,-33,-49
2914076000,2023-05-31,광주광역시,서구,화정1동,15673,7483,8190,15734,7517,8217,61,34,27
2914077000,2023-05-31,광주광역시,서구,화정2동,19930,9974,9956,19917,9958,9959,-13,-16,3
2914078000,2023-05-31,광주광역시,서구,화정3동,9442,4593,4849,9431,4597,4834,-11,4,-15
2914079000,2023-05-31,광주광역시,서구,화정4동,19388,9356,10032,19445,9393,10052,57,37,20
2914080000,2023-05-31,광주광역시,서구,서창동,5677,2949,2728,5682,2950,2732,5,1,4
2914082100,2023-05-31,광주광역시,서구,금호1동,19798,9415,10383,19730,9379,10351,-68,-36,-32
2914082400,2023-05-31,광주광역시,서구,금호2동,27361,13370,13991,27323,13341,13982,-38,-29,-9
2914083000,2023-05-31,광주광역시,서구,풍암동,35307,17382,17925,35252,17367,17885,-55,-15,-40
2914084000,2023-05-31,광주광역시,서구,동천동,15686,7450,8236,15635,7424,8211,-51,-26,-25
2915551000,2023-05-31,광주광역시,남구,양림동,6718,3029,3689,6709,3028,3681,-9,-1,-8
2915552000,2023-05-31,광주광역시,남구,방림1동,6703,3187,3516,6712,3202,3510,9,15,-6
2915553000,2023-05-31,광주광역시,남구,방림2동,8383,3976,4407,8354,3959,4395,-29,-17,-12
2915553700,2023-05-31,광주광역시,남구,봉선1동,12915,6053,6862,12917,6044,6873,2,-9,11
2915553800,2023-05-31,광주광역시,남구,봉선2동,27924,13001,14923,27830,12955,14875,-94,-46,-48
2915554500,2023-05-31,광주광역시,남구,사직동,4845,2518,2327,4834,2510,2324,-11,-8,-3
2915560500,2023-05-31,광주광역시,남구,월산동,8764,4444,4320,8752,4441,4311,-12,-3,-9
2915563000,2023-05-31,광주광역시,남구,월산4동,8277,4243,4034,8238,4221,4017,-39,-22,-17
2915564000,2023-05-31,광주광역시,남구,월산5동,6126,3042,3084,6093,3025,3068,-33,-17,-16
2915567000,2023-05-31,광주광역시,남구,백운1동,11841,5566,6275,11830,5560,6270,-11,-6,-5
2915568000,2023-05-31,광주광역시,남구,백운2동,6337,3132,3205,6345,3146,3199,8,14,-6
2915569000,2023-05-31,광주광역시,남구,주월1동,21361,10353,11008,21326,10333,10993,-35,-20,-15
2915570000,2023-05-31,광주광역시,남구,주월2동,7721,3824,3897,7676,3799,3877,-45,-25,-20
2915570500,2023-05-31,광주광역시,남구,진월동,28362,13236,15126,28363,13234,15129,1,-2,3
2915571000,2023-05-31,광주광역시,남구,효덕동,15626,7475,8151,15591,7456,8135,-35,-19,-16
2915572000,2023-05-31,광주광역시,남구,송암동,21227,10274,10953,21221,10265,10956,-6,-9,3
2915573000,2023-05-31,광주광역시,남구,대촌동,8199,4038,4161,8219,4048,4171,20,10,10
2917051000,2023-05-31,광주광역시,북구,중흥1동,4487,2329,2158,4505,2344,2161,18,15,3
2917052000,2023-05-31,광주광역시,북구,중흥2동,8402,4266,4136,8424,4269,4155,22,3,19
2917053000,2023-05-31,광주광역시,북구,중흥3동,6553,3363,3190,6598,3392,3206,45,29,16
2917055500,2023-05-31,광주광역시,북구,중앙동,3955,2073,1882,3946,2065,1881,-9,-8,-1
2917057000,2023-05-31,광주광역시,북구,임동,9142,4494,4648,9153,4494,4659,11,0,11
2917058000,2023-05-31,광주광역시,북구,신안동,12467,6553,5914,12479,6562,5917,12,9,3
2917059000,2023-05-31,광주광역시,북구,용봉동,37568,18670,18898,37505,18638,18867,-63,-32,-31
2917060100,2023-05-31,광주광역시,북구,운암1동,18730,9028,9702,18704,9002,9702,-26,-26,0
2917060200,2023-05-31,광주광역시,북구,운암2동,11373,5772,5601,11326,5738,5588,-47,-34,-13
2917060300,2023-05-31,광주광역시,북구,운암3동,13368,6388,6980,13333,6368,6965,-35,-20,-15
2917061500,2023-05-31,광주광역시,북구,동림동,22710,11125,11585,22736,11132,11604,26,7,19
2917062000,2023-05-31,광주광역시,북구,우산동,15308,7488,7820,15375,7517,7858,67,29,38
2917063500,2023-05-31,광주광역시,북구,풍향동,5420,2696,2724,5407,2687,2720,-13,-9,-4
2917065000,2023-05-31,광주광역시,북구,문화동,20081,9830,10251,20161,9869,10292,80,39,41
2917065600,2023-05-31,광주광역시,북구,문흥1동,15606,7604,8002,15648,7630,8018,42,26,16
2917065700,2023-05-31,광주광역시,북구,문흥2동,15125,7183,7942,15084,7172,7912,-41,-11,-30
2917066100,2023-05-31,광주광역시,북구,두암1동,7375,3643,3732,7359,3639,3720,-16,-4,-12
2917066200,2023-05-31,광주광역시,북구,두암2동,15386,7572,7814,15353,7538,7815,-33,-34,1
2917066300,2023-05-31,광주광역시,북구,두암3동,12709,6072,6637,12712,6070,6642,3,-2,5
2917066600,2023-05-31,광주광역시,북구,삼각동,13525,6968,6557,13524,6968,6556,-1,0,-1
2917066900,2023-05-31,광주광역시,북구,일곡동,28592,13937,14655,28509,13888,14621,-83,-49,-34
2917067300,2023-05-31,광주광역시,북구,매곡동,13485,6568,6917,13454,6543,6911,-31,-25,-6
2917067600,2023-05-31,광주광역시,북구,오치1동,10302,5257,5045,10263,5241,5022,-39,-16,-23
2917067700,2023-05-31,광주광역시,북구,오치2동,11911,5812,6099,11847,5778,6069,-64,-34,-30
2917068500,2023-05-31,광주광역시,북구,석곡동,2363,1212,1151,2352,1208,1144,-11,-4,-7
2917069500,2023-05-31,광주광역시,북구,건국동,21647,10938,10709,21592,10908,10684,-55,-30,-25
2917069600,2023-05-31,광주광역시,북구,양산동,36626,18385,18241,36588,18354,18234,-38,-31,-7
2917069700,2023-05-31,광주광역시,북구,신용동,29122,14365,14757,29078,14348,14730,-44,-17,-27
2920051500,2023-05-31,광주광역시,광산구,송정1동,10526,5359,5167,10512,5356,5156,-14,-3,-11
2920052500,2023-05-31,광주광역시,광산구,송정2동,6306,3107,3199,6292,3093,3199,-14,-14,0
2920054000,2023-05-31,광주광역시,광산구,도산동,14734,7459,7275,14756,7470,7286,22,11,11
2920055000,2023-05-31,광주광역시,광산구,신흥동,4395,2224,2171,4392,2220,2172,-3,-4,1
2920056500,2023-05-31,광주광역시,광산구,어룡동,33228,17041,16187,33254,17046,16208,26,5,21
2920058000,2023-05-31,광주광역시,광산구,우산동,29503,15007,14496,29534,15014,14520,31,7,24
2920060000,2023-05-31,광주광역시,광산구,월곡1동,10190,5195,4995,10181,5188,4993,-9,-7,-2
2920061000,2023-05-31,광주광역시,광산구,월곡2동,14698,7367,7331,14634,7338,7296,-64,-29,-35
2920062000,2023-05-31,광주광역시,광산구,비아동,7452,3934,3518,7429,3921,3508,-23,-13,-10
2920062400,2023-05-31,광주광역시,광산구,첨단1동,27114,13512,13602,27144,13533,13611,30,21,9
2920062600,2023-05-31,광주광역시,광산구,첨단2동,42295,21349,20946,42277,21338,20939,-18,-11,-7
2920063000,2023-05-31,광주광역시,광산구,신가동,19311,9800,9511,19295,9798,9497,-16,-2,-14
2920063500,2023-05-31,광주광역시,광산구,운남동,29803,14510,15293,29773,14486,15287,-30,-24,-6
2920063700,2023-05-31,광주광역시,광산구,수완동,75661,37290,38371,75630,37323,38307,-31,33,-64
2920064000,2023-05-31,광주광역시,광산구,하남동,26708,13819,12889,26699,13813,12886,-9,-6,-3
2920065000,2023-05-31,광주광역시,광산구,임곡동,2030,1064,966,2028,1064,964,-2,0,-2
2920066000,2023-05-31,광주광역시,광산구,동곡동,1738,913,825,1741,916,825,3,3,0
2920067000,2023-05-31,광주광역시,광산구,평동,4907,2726,2181,4896,2721,2175,-11,-5,-6
2920068000,2023-05-31,광주광역시,광산구,삼도동,2163,1129,1034,2161,1123,1038,-2,-6,4
2920069000,2023-05-31,광주광역시,광산구,본량동,1932,980,952,1930,978,952,-2,-2,0
2920070000,2023-05-31,광주광역시,광산구,신창동,34247,17484,16763,34191,17483,16708,-56,-1,-55
3011051500,2023-05-31,대전광역시,동구,중앙동,4029,2285,1744,3998,2264,1734,-31,-21,-10
3011053000,2023-05-31,대전광역시,동구,효동,23276,11405,11871,23188,11352,11836,-88,-53,-35
3011054500,2023-05-31,대전광역시,동구,신인동,15358,7530,7828,15356,7518,7838,-2,-12,10
3011055100,2023-05-31,대전광역시,동구,판암1동,12032,5836,6196,12052,5840,6212,20,4,16
3011055200,2023-05-31,대전광역시,동구,판암2동,8083,3908,4175,8068,3896,4172,-15,-12,-3
3011056000,2023-05-31,대전광역시,동구,용운동,21390,10770,10620,21390,10780,10610,0,10,-10
3011058500,2023-05-31,대전광역시,동구,대동,14154,7099,7055,14122,7090,7032,-32,-9,-23
3011059000,2023-05-31,대전광역시,동구,자양동,10960,5853,5107,10972,5864,5108,12,11,1
3011062000,2023-05-31,대전광역시,동구,가양1동,13071,6835,6236,13069,6835,6234,-2,0,-2
3011063000,2023-05-31,대전광역시,동구,가양2동,18748,9384,9364,18803,9389,9414,55,5,50
3011064000,2023-05-31,대전광역시,동구,용전동,20205,10351,9854,20222,10369,9853,17,18,-1
3011066500,2023-05-31,대전광역시,동구,성남동,11107,5492,5615,11077,5469,5608,-30,-23,-7
3011067000,2023-05-31,대전광역시,동구,홍도동,11279,5742,5537,11314,5772,5542,35,30,5
3011069500,2023-05-31,대전광역시,동구,삼성동,13448,6819,6629,13427,6817,6610,-21,-2,-19
3011072500,2023-05-31,대전광역시,동구,대청동,2302,1199,1103,2298,1195,1103,-4,-4,0
3011074000,2023-05-31,대전광역시,동구,산내동,19830,9963,9867,19781,9950,9831,-49,-13,-36
3014053500,2023-05-31,대전광역시,중구,은행선화동,14436,7422,7014,14365,7380,6985,-71,-42,-29
3014055000,2023-05-31,대전광역시,중구,목동,16699,7951,8748,16702,7957,8745,3,6,-3
3014056000,2023-05-31,대전광역시,중구,중촌동,13890,6777,7113,13857,6754,7103,-33,-23,-10
3014057500,2023-05-31,대전광역시,중구,대흥동,13295,6523,6772,13287,6535,6752,-8,12,-20
3014060500,2023-05-31,대전광역시,중구,문창동,4414,2283,2131,4392,2273,2119,-22,-10,-12
3014062000,2023-05-31,대전광역시,중구,석교동,15061,7605,7456,15030,7587,7443,-31,-18,-13
3014063000,2023-05-31,대전광역시,중구,대사동,5416,2613,2803,5413,2613,2800,-3,0,-3
3014064000,2023-05-31,대전광역시,중구,부사동,6545,3314,3231,6527,3300,3227,-18,-14,-4
3014065500,2023-05-31,대전광역시,중구,용두동,9199,4455,4744,9194,4458,4736,-5,3,-8
3014067000,2023-05-31,대전광역시,중구,오류동,10427,4905,5522,10420,4894,5526,-7,-11,4
3014068000,2023-05-31,대전광역시,중구,태평1동,12852,6203,6649,12861,6208,6653,9,5,4
3014069000,2023-05-31,대전광역시,중구,태평2동,24730,11815,12915,24697,11788,12909,-33,-27,-6
3014070000,2023-05-31,대전광역시,중구,유천1동,6027,3108,2919,6020,3111,2909,-7,3,-10
3014071000,2023-05-31,대전광역시,중구,유천2동,13358,6615,6743,13312,6593,6719,-46,-22,-24
3014072000,2023-05-31,대전광역시,중구,문화1동,20898,10103,10795,20854,10086,10768,-44,-17,-27
3014073000,2023-05-31,대전광역시,중구,문화2동,11957,5761,6196,11940,5758,6182,-17,-3,-14
3014074000,2023-05-31,대전광역시,중구,산성동,26484,13447,13037,26396,13404,12992,-88,-43,-45
3017051000,2023-05-31,대전광역시,서구,복수동,21844,10801,11043,21849,10792,11057,5,-9,14
3017052000,2023-05-31,대전광역시,서구,도마1동,18722,9478,9244,18795,9501,9294,73,23,50
3017053000,2023-05-31,대전광역시,서구,도마2동,16835,8427,8408,16796,8413,8383,-39,-14,-25
3017053500,2023-05-31,대전광역시,서구,정림동,15508,7536,7972,15507,7543,7964,-1,7,-8
3017054000,2023-05-31,대전광역시,서구,변동,15429,7836,7593,15358,7802,7556,-71,-34,-37
3017055000,2023-05-31,대전광역시,서구,용문동,12105,5750,6355,12008,5701,6307,-97,-49,-48
3017055500,2023-05-31,대전광역시,서구,탄방동,26720,12837,13883,26775,12866,13909,55,29,26
3017056000,2023-05-31,대전광역시,서구,괴정동,18910,9217,9693,18894,9203,9691,-16,-14,-2
3017057000,2023-05-31,대전광역시,서구,가장동,11056,5319,5737,11013,5295,5718,-43,-24,-19
3017057500,2023-05-31,대전광역시,서구,내동,23043,11079,11964,23016,11075,11941,-27,-4,-23
3017058100,2023-05-31,대전광역시,서구,갈마1동,21366,10802,10564,21301,10757,10544,-65,-45,-20
3017058200,2023-05-31,대전광역시,서구,갈마2동,24201,12201,12000,24233,12219,12014,32,18,14
3017058600,2023-05-31,대전광역시,서구,월평1동,11285,6079,5206,11273,6068,5205,-12,-11,-1
3017058700,2023-05-31,대전광역시,서구,월평2동,13880,6552,7328,13857,6546,7311,-23,-6,-17
3017058800,2023-05-31,대전광역시,서구,월평3동,20600,10050,10550,20551,10034,10517,-49,-16,-33
3017059000,2023-05-31,대전광역시,서구,가수원동,10596,5169,5427,10584,5164,5420,-12,-5,-7
3017059300,2023-05-31,대전광역시,서구,도안동,36241,17821,18420,36253,17826,18427,12,5,7
3017059600,2023-05-31,대전광역시,서구,관저1동,15040,7120,7920,15010,7106,7904,-30,-14,-16
3017059700,2023-05-31,대전광역시,서구,관저2동,48742,23708,25034,48715,23701,25014,-27,-7,-20
3017060000,2023-05-31,대전광역시,서구,기성동,3479,1803,1676,3491,1816,1675,12,13,-1
3017063000,2023-05-31,대전광역시,서구,둔산1동,16506,8098,8408,16473,8082,8391,-33,-16,-17
3017064000,2023-05-31,대전광역시,서구,둔산2동,34791,16784,18007,34761,16745,18016,-30,-39,9
3017065000,2023-05-31,대전광역시,서구,만년동,12449,6299,6150,12376,6257,6119,-73,-42,-31
3017066000,2023-05-31,대전광역시,서구,둔산3동,19213,9252,9961,19159,9213,9946,-54,-39,-15
3020052000,2023-05-31,대전광역시,유성구,진잠동,24455,12488,11967,24341,12417,11924,-114,-71,-43
3020052600,2023-05-31,대전광역시,유성구,학하동,19003,9793,9210,19077,9819,9258,74,26,48
3020052700,2023-05-31,대전광역시,유성구,상대동,25370,12377,12993,25411,12390,13021,41,13,28
3020053000,2023-05-31,대전광역시,유성구,온천1동,26417,13682,12735,26404,13702,12702,-13,20,-33
3020054000,2023-05-31,대전광역시,유성구,온천2동,40496,21228,19268,40439,21186,19253,-57,-42,-15
3020054600,2023-05-31,대전광역시,유성구,노은1동,21242,10523,10719,21158,10481,10677,-84,-42,-42
3020054700,2023-05-31,대전광역시,유성구,노은2동,23730,11652,12078,23696,11654,12042,-34,2,-36
3020054800,2023-05-31,대전광역시,유성구,노은3동,36729,18003,18726,36676,17982,18694,-53,-21,-32
3020055000,2023-05-31,대전광역시,유성구,신성동,25989,13666,12323,25968,13655,12313,-21,-11,-10
3020057000,2023-05-31,대전광역시,유성구,전민동,26535,13643,12892,26383,13563,12820,-152,-80,-72
3020058000,2023-05-31,대전광역시,유성구,구즉동,32967,16879,16088,33017,16926,16091,50,47,3
3020060000,2023-05-31,대전광역시,유성구,관평동,30381,15613,14768,32204,16480,15724,1823,867,956
3020061000,2023-05-31,대전광역시,유성구,원신흥동,27007,12823,14184,26974,12804,14170,-33,-19,-14
3023051000,2023-05-31,대전광역시,대덕구,오정동,14001,7386,6615,13999,7370,6629,-2,-16,14
3023052000,2023-05-31,대전광역시,대덕구,대화동,6594,3464,3130,6575,3457,3118,-19,-7,-12
3023052500,2023-05-31,대전광역시,대덕구,회덕동,11658,5964,5694,11607,5945,5662,-51,-19,-32
3023053300,2023-05-31,대전광역시,대덕구,비래동,15570,7733,7837,15546,7728,7818,-24,-5,-19
3023054300,2023-05-31,대전광역시,대덕구,송촌동,26439,13088,13351,26399,13071,13328,-40,-17,-23
3023054600,2023-05-31,대전광역시,대덕구,중리동,18966,9881,9085,18889,9836,9053,-77,-45,-32
3023055000,2023-05-31,대전광역시,대덕구,신탄진동,14579,7550,7029,14552,7531,7021,-27,-19,-8
3023056000,2023-05-31,대전광역시,대덕구,석봉동,16140,8250,7890,16165,8270,7895,25,20,5
3023057000,2023-05-31,대전광역시,대덕구,덕암동,13263,7101,6162,13226,7083,6143,-37,-18,-19
3023058000,2023-05-31,대전광역시,대덕구,목상동,6214,3379,2835,6209,3375,2834,-5,-4,-1
3023060000,2023-05-31,대전광역시,대덕구,법1동,12617,5921,6696,12555,5875,6680,-62,-46,-16
3023061000,2023-05-31,대전광역시,대덕구,법2동,15331,7458,7873,15299,7450,7849,-32,-8,-24
3111051000,2023-05-31,울산광역시,중구,학성동,11029,5621,5408,11011,5611,5400,-18,-10,-8
3111052000,2023-05-31,울산광역시,중구,반구1동,16261,8496,7765,16233,8482,7751,-28,-14,-14
3111053000,2023-05-31,울산광역시,중구,반구2동,8459,4311,4148,8428,4314,4114,-31,3,-34
3111054000,2023-05-31,울산광역시,중구,복산1동,3778,1890,1888,3759,1876,1883,-19,-14,-5
3111055000,2023-05-31,울산광역시,중구,복산2동,10913,5402,5511,10919,5401,5518,6,-1,7
3111058500,2023-05-31,울산광역시,중구,중앙동,11858,6125,5733,11837,6115,5722,-21,-10,-11
3111059000,2023-05-31,울산광역시,중구,우정동,17590,8699,8891,17555,8683,8872,-35,-16,-19
3111060000,2023-05-31,울산광역시,중구,태화동,32294,16076,16218,32286,16062,16224,-8,-14,6
3111061000,2023-05-31,울산광역시,중구,다운동,22088,11220,10868,22073,11211,10862,-15,-9,-6
3111062000,2023-05-31,울산광역시,중구,병영1동,21328,10843,10485,21323,10849,10474,-5,6,-11
3111063000,2023-05-31,울산광역시,중구,병영2동,19882,9988,9894,19860,9978,9882,-22,-10,-12
3111064000,2023-05-31,울산광역시,중구,약사동,10770,5383,5387,10774,5381,5393,4,-2,6
3111065000,2023-05-31,울산광역시,중구,성안동,20565,10520,10045,20563,10505,10058,-2,-15,13
3114051000,2023-05-31,울산광역시,남구,신정1동,18349,9196,9153,18347,9187,9160,-2,-9,7
3114052000,2023-05-31,울산광역시,남구,신정2동,24283,12334,11949,24544,12468,12076,261,134,127
3114053000,2023-05-31,울산광역시,남구,신정3동,16012,8130,7882,16034,8143,7891,22,13,9
3114054000,2023-05-31,울산광역시,남구,신정4동,20209,10171,10038,20194,10154,10040,-15,-17,2
3114055000,2023-05-31,울산광역시,남구,신정5동,8661,4624,4037,8643,4618,4025,-18,-6,-12
3114056000,2023-05-31,울산광역시,남구,달동,26590,13436,13154,26505,13387,13118,-85,-49,-36
3114057000,2023-05-31,울산광역시,남구,삼산동,48562,25501,23061,48462,25469,22993,-100,-32,-68
3114058500,2023-05-31,울산광역시,남구,삼호동,19824,10096,9728,19757,10046,9711,-67,-50,-17
3114059500,2023-05-31,울산광역시,남구,무거동,31473,16131,15342,31492,16155,15337,19,24,-5
3114060000,2023-05-31,울산광역시,남구,옥동,25463,12782,12681,25376,12729,12647,-87,-53,-34
3114062500,2023-05-31,울산광역시,남구,대현동,31347,15685,15662,31348,15672,15676,1,-13,14
3114063500,2023-05-31,울산광역시,남구,수암동,16328,8151,8177,16322,8144,8178,-6,-7,1
3114064000,2023-05-31,울산광역시,남구,선암동,13877,7163,6714,13862,7137,6725,-15,-26,11
3114067000,2023-05-31,울산광역시,남구,야음장생포동,8702,4592,4110,8609,4553,4056,-93,-39,-54
3117051000,2023-05-31,울산광역시,동구,방어동,39394,21259,18135,39302,21220,18082,-92,-39,-53
3117052000,2023-05-31,울산광역시,동구,일산동,5469,2950,2519,5480,2950,2530,11,0,11
3117053000,2023-05-31,울산광역시,동구,화정동,18947,9695,9252,18996,9721,9275,49,26,23
3117054000,2023-05-31,울산광역시,동구,대송동,11267,5910,5357,11276,5918,5358,9,8,1
3117055000,2023-05-31,울산광역시,동구,전하1동,15027,7757,7270,15056,7769,7287,29,12,17
3117056000,2023-05-31,울산광역시,동구,전하2동,20024,10149,9875,20011,10150,9861,-13,1,-14
3117058000,2023-05-31,울산광역시,동구,남목1동,8478,4323,4155,8475,4322,4153,-3,-1,-2
3117059000,2023-05-31,울산광역시,동구,남목2동,20552,10744,9808,20586,10761,9825,34,17,17
3117060000,2023-05-31,울산광역시,동구,남목3동,11692,5910,5782,11664,5902,5762,-28,-8,-20
3120051000,2023-05-31,울산광역시,북구,농소1동,36375,18586,17789,36335,18564,17771,-40,-22,-18
3120052000,2023-05-31,울산광역시,북구,농소2동,42485,21585,20900,42532,21603,20929,47,18,29
3120053000,2023-05-31,울산광역시,북구,농소3동,37240,18870,18370,37161,18825,18336,-79,-45,-34
3120054000,2023-05-31,울산광역시,북구,강동동,16323,8364,7959,16309,8377,7932,-14,13,-27
3120056000,2023-05-31,울산광역시,북구,효문동,29640,15932,13708,29633,15950,13683,-7,18,-25
3120057000,2023-05-31,울산광역시,북구,송정동,36875,18698,18177,36856,18691,18165,-19,-7,-12
3120058000,2023-05-31,울산광역시,북구,양정동,9555,5591,3964,9566,5616,3950,11,25,-14
3120059000,2023-05-31,울산광역시,북구,염포동,10265,5541,4724,10241,5528,4713,-24,-13,-11
3171025000,2023-05-31,울산광역시,울주군,온산읍,20301,11867,8434,20252,11851,8401,-49,-16,-33
3171025300,2023-05-31,울산광역시,울주군,언양읍,29728,14845,14883,29740,14846,14894,12,1,11
3171025600,2023-05-31,울산광역시,울주군,온양읍,28239,14735,13504,28228,14726,13502,-11,-9,-2
3171025900,2023-05-31,울산광역시,울주군,범서읍,68478,34405,34073,68360,34340,34020,-118,-65,-53
3171026200,2023-05-31,울산광역시,울주군,청량읍,18789,9680,9109,18778,9665,9113,-11,-15,4
3171026500,2023-05-31,울산광역시,울주군,삼남읍,22499,11672,10827,22503,11697,10806,4,25,-21
3171031000,2023-05-31,울산광역시,울주군,서생면,8475,4629,3846,8489,4644,3845,14,15,-1
3171034000,2023-05-31,울산광역시,울주군,웅촌면,7631,3892,3739,7618,3893,3725,-13,1,-14
3171036000,2023-05-31,울산광역시,울주군,두동면,4274,2213,2061,4276,2205,2071,2,-8,10
3171037000,2023-05-31,울산광역시,울주군,두서면,3036,1543,1493,3050,1548,1502,14,5,9
3171038000,2023-05-31,울산광역시,울주군,상북면,7855,4005,3850,7831,3997,3834,-24,-8,-16
3171040000,2023-05-31,울산광역시,울주군,삼동면,1726,908,818,1726,909,817,0,1,-1
3611025000,2023-05-31,세종특별자치시,,조치원읍,41970,21850,20120,41935,21841,20094,-35,-9,-26
3611031000,2023-05-31,세종특별자치시,,연기면,2579,1472,1107,2574,1468,1106,-5,-4,-1
3611032000,2023-05-31,세종특별자치시,,연동면,2932,1534,1398,2925,1530,1395,-7,-4,-3
3611033000,2023-05-31,세종특별자치시,,부강면,5781,3197,2584,5751,3174,2577,-30,-23,-7
3611034000,2023-05-31,세종특별자치시,,금남면,8567,4604,3963,8547,4578,3969,-20,-26,6
3611035000,2023-05-31,세종특별자치시,,장군면,6811,3990,2821,6803,3988,2815,-8,-2,-6
3611036000,2023-05-31,세종특별자치시,,연서면,7118,3906,3212,7091,3892,3199,-27,-14,-13
3611037000,2023-05-31,세종특별자치시,,전의면,5412,2883,2529,5400,2872,2528,-12,-11,-1
3611038000,2023-05-31,세종특별자치시,,전동면,3231,1728,1503,3230,1729,1501,-1,1,-2
3611039000,2023-05-31,세종특별자치시,,소정면,2194,1167,1027,2192,1170,1022,-2,3,-5
3611051000,2023-05-31,세종특별자치시,,한솔동,18404,9068,9336,18389,9060,9329,-15,-8,-7
3611051500,2023-05-31,세종특별자치시,,새롬동,26482,12851,13631,26527,12844,13683,45,-7,52
3611051800,2023-05-31,세종특별자치시,,나성동,13409,6567,6842,13387,6563,6824,-22,-4,-18
3611052000,2023-05-31,세종특별자치시,,도담동,25525,12195,13330,25489,12178,13311,-36,-17,-19
3611052300,2023-05-31,세종특별자치시,,어진동,11132,5475,5657,11171,5500,5671,39,25,14
3611052500,2023-05-31,세종특별자치시,,해밀동,8888,4314,4574,8920,4337,4583,32,23,9
3611053000,2023-05-31,세종특별자치시,,아름동,23520,11632,11888,23566,11649,11917,46,17,29
3611054000,2023-05-31,세종특별자치시,,종촌동,28516,13855,14661,28494,13851,14643,-22,-4,-18
3611055000,2023-05-31,세종특별자치시,,고운동,35130,17227,17903,35174,17236,17938,44,9,35
3611055500,2023-05-31,세종특별자치시,,소담동,21750,10578,11172,21747,10584,11163,-3,6,-9
3611055600,2023-05-31,세종특별자치시,,반곡동,27708,13661,14047,27914,13746,14168,206,85,121
3611056000,2023-05-31,세종특별자치시,,보람동,18958,9295,9663,18978,9310,9668,20,15,5
3611057000,2023-05-31,세종특별자치시,,대평동,11228,5538,5690,11224,5540,5684,-4,2,-6
3611058000,2023-05-31,세종특별자치시,,다정동,28580,13729,14851,28622,13753,14869,42,24,18
4111156000,2023-05-31,경기도,수원시 장안구,파장동,22471,11367,11104,22533,11405,11128,62,38,24
4111156600,2023-05-31,경기도,수원시 장안구,율천동,41193,21768,19425,41148,21747,19401,-45,-21,-24
4111157100,2023-05-31,경기도,수원시 장안구,정자1동,28029,13755,14274,27985,13724,14261,-44,-31,-13
4111157200,2023-05-31,경기도,수원시 장안구,정자2동,36439,17864,18575,36390,17837,18553,-49,-27,-22
4111157300,2023-05-31,경기도,수원시 장안구,정자3동,40258,20080,20178,40197,20050,20147,-61,-30,-31
4111158000,2023-05-31,경기도,수원시 장안구,영화동,19427,9926,9501,19330,9870,9460,-97,-56,-41
4111159100,2023-05-31,경기도,수원시 장안구,송죽동,18974,9433,9541,18936,9418,9518,-38,-15,-23
4111159700,2023-05-31,경기도,수원시 장안구,조원1동,29105,14674,14431,29044,14640,14404,-61,-34,-27
4111159800,2023-05-31,경기도,수원시 장안구,조원2동,17916,8585,9331,17934,8588,9346,18,3,15
4111160000,2023-05-31,경기도,수원시 장안구,연무동,15377,7946,7431,15316,7912,7404,-61,-34,-27
4111352000,2023-05-31,경기도,수원시 권선구,세류1동,9815,4963,4852,9808,4959,4849,-7,-4,-3
4111353000,2023-05-31,경기도,수원시 권선구,세류2동,23389,12082,11307,23337,12060,11277,-52,-22,-30
4111354000,2023-05-31,경기도,수원시 권선구,세류3동,18194,9157,9037,18174,9135,9039,-20,-22,2
4111355000,2023-05-31,경기도,수원시 권선구,평동,41307,20885,20422,41321,20867,20454,14,-18,32
4111356000,2023-05-31,경기도,수원시 권선구,서둔동,37638,19188,18450,37714,19243,18471,76,55,21
4111365000,2023-05-31,경기도,수원시 권선구,구운동,23799,12070,11729,23701,12024,11677,-98,-46,-52
4111366200,2023-05-31,경기도,수원시 권선구,금곡동,44589,21969,22620,44608,21964,22644,19,-5,24
4111366400,2023-05-31,경기도,수원시 권선구,호매실동,45381,22481,22900,45320,22454,22866,-61,-27,-34
4111367000,2023-05-31,경기도,수원시 권선구,권선1동,24423,12494,11929,24497,12535,11962,74,41,33
4111368000,2023-05-31,경기도,수원시 권선구,권선2동,47135,23158,23977,47085,23104,23981,-50,-54,4
4111369000,2023-05-31,경기도,수원시 권선구,곡선동,35565,18943,16622,35528,18941,16587,-37,-2,-35
4111370000,2023-05-31,경기도,수원시 권선구,입북동,16089,8195,7894,16686,8488,8198,597,293,304
4111565000,2023-05-31,경기도,수원시 팔달구,매교동,20995,10692,10303,21135,10753,10382,140,61,79
4111566000,2023-05-31,경기도,수원시 팔달구,매산동,9956,5415,4541,9941,5411,4530,-15,-4,-11
4111567000,2023-05-31,경기도,수원시 팔달구,고등동,20481,10275,10206,20490,10282,10208,9,7,2
4111568000,2023-05-31,경기도,수원시 팔달구,화서1동,21657,10524,11133,21615,10511,11104,-42,-13,-29
4111569000,2023-05-31,경기도,수원시 팔달구,화서2동,24803,12197,12606,24767,12186,12581,-36,-11,-25
4111570000,2023-05-31,경기도,수원시 팔달구,지동,10023,5094,4929,10009,5093,4916,-14,-1,-13
4111571000,2023-05-31,경기도,수원시 팔달구,우만1동,19423,9700,9723,19351,9658,9693,-72,-42,-30
4111572000,2023-05-31,경기도,수원시 팔달구,우만2동,17036,8532,8504,17031,8530,8501,-5,-2,-3
4111573000,2023-05-31,경기도,수원시 팔달구,인계동,39152,19692,19460,39044,19646,19398,-108,-46,-62
4111574000,2023-05-31,경기도,수원시 팔달구,행궁동,9866,5263,4603,9819,5234,4585,-47,-29,-18
4111751000,2023-05-31,경기도,수원시 영통구,매탄1동,12090,6138,5952,12031,6094,5937,-59,-44,-15
4111752000,2023-05-31,경기도,수원시 영통구,매탄2동,14182,7082,7100,14137,7057,7080,-45,-25,-20
4111753000,2023-05-31,경기도,수원시 영통구,매탄3동,35058,18246,16812,35022,18201,16821,-36,-45,9
4111754000,2023-05-31,경기도,수원시 영통구,매탄4동,20906,10181,10725,20821,10144,10677,-85,-37,-48
4111755000,2023-05-31,경기도,수원시 영통구,원천동,40602,20506,20096,40579,20461,20118,-23,-45,22
4111757000,2023-05-31,경기도,수원시 영통구,영통1동,33730,16569,17161,33729,16589,17140,-1,20,-21
4111758000,2023-05-31,경기도,수원시 영통구,영통2동,26002,13881,12121,25914,13838,12076,-88,-43,-45
4111758500,2023-05-31,경기도,수원시 영통구,영통3동,32099,16492,15607,32086,16480,15606,-13,-12,-1
4111759300,2023-05-31,경기도,수원시 영통구,망포1동,31955,16062,15893,31996,16082,15914,41,20,21
4111759600,2023-05-31,경기도,수원시 영통구,망포2동,33212,16546,16666,33343,16596,16747,131,50,81
4111760000,2023-05-31,경기도,수원시 영통구,광교1동,53087,26084,27003,53061,26083,26978,-26,-1,-25
4111761000,2023-05-31,경기도,수원시 영통구,광교2동,28993,13867,15126,28992,13871,15121,-1,4,-5
4113151000,2023-05-31,경기도,성남시 수정구,신흥1동,13063,6890,6173,13026,6878,6148,-37,-12,-25
4113152000,2023-05-31,경기도,성남시 수정구,신흥2동,19915,9670,10245,19878,9643,10235,-37,-27,-10
4113153000,2023-05-31,경기도,성남시 수정구,신흥3동,11151,5970,5181,11114,5941,5173,-37,-29,-8
4113154000,2023-05-31,경기도,성남시 수정구,태평1동,14895,7743,7152,14859,7731,7128,-36,-12,-24
4113155000,2023-05-31,경기도,성남시 수정구,태평2동,14799,7467,7332,14799,7453,7346,0,-14,14
4113156000,2023-05-31,경기도,성남시 수정구,태평3동,12869,6638,6231,12815,6610,6205,-54,-28,-26
4113156100,2023-05-31,경기도,성남시 수정구,태평4동,12536,6388,6148,12496,6372,6124,-40,-16,-24
4113157000,2023-05-31,경기도,성남시 수정구,수진1동,11887,6240,5647,11852,6223,5629,-35,-17,-18
4113158000,2023-05-31,경기도,성남시 수정구,수진2동,15421,7839,7582,15387,7817,7570,-34,-22,-12
4113159000,2023-05-31,경기도,성남시 수정구,단대동,14971,7342,7629,14946,7330,7616,-25,-12,-13
4113160000,2023-05-31,경기도,성남시 수정구,산성동,4904,2466,2438,4895,2467,2428,-9,1,-10
4113161000,2023-05-31,경기도,성남시 수정구,양지동,9567,4745,4822,9555,4749,4806,-12,4,-16
4113162000,2023-05-31,경기도,성남시 수정구,복정동,10655,5975,4680,10600,5944,4656,-55,-31,-24
4113162500,2023-05-31,경기도,성남시 수정구,위례동,44207,21544,22663,44891,21874,23017,684,330,354
4113163000,2023-05-31,경기도,성남시 수정구,신촌동,4555,2435,2120,4534,2430,2104,-21,-5,-16
4113164000,2023-05-31,경기도,성남시 수정구,고등동,11457,5651,5806,11717,5775,5942,260,124,136
4113165000,2023-05-31,경기도,성남시 수정구,시흥동,3392,1789,1603,3397,1794,1603,5,5,0
4113351000,2023-05-31,경기도,성남시 중원구,성남동,32991,17241,15750,32902,17192,15710,-89,-49,-40
4113352500,2023-05-31,경기도,성남시 중원구,중앙동,17024,8744,8280,17036,8745,8291,12,1,11
4113353000,2023-05-31,경기도,성남시 중원구,금광1동,19119,9525,9594,19313,9602,9711,194,77,117
4113354000,2023-05-31,경기도,성남시 중원구,금광2동,25152,12401,12751,25076,12389,12687,-76,-12,-64
4113355000,2023-05-31,경기도,성남시 중원구,은행1동,9947,4884,5063,9961,4890,5071,14,6,8
4113356000,2023-05-31,경기도,성남시 중원구,은행2동,22848,11310,11538,22786,11257,11529,-62,-53,-9
4113357000,2023-05-31,경기도,성남시 중원구,상대원1동,24773,12893,11880,24720,12856,11864,-53,-37,-16
4113358000,2023-05-31,경기도,성남시 중원구,상대원2동,3554,1889,1665,3491,1847,1644,-63,-42,-21
4113359000,2023-05-31,경기도,성남시 중원구,상대원3동,12132,6341,5791,12084,6323,5761,-48,-18,-30
4113366000,2023-05-31,경기도,성남시 중원구,하대원동,19903,10048,9855,19879,10026,9853,-24,-22,-2
4113367000,2023-05-31,경기도,성남시 중원구,도촌동,26861,13016,13845,26891,13027,13864,30,11,19
4113551000,2023-05-31,경기도,성남시 분당구,분당동,25208,12397,12811,25136,12356,12780,-72,-41,-31
4113552000,2023-05-31,경기도,성남시 분당구,수내1동,17862,8469,9393,17870,8477,9393,8,8,0
4113553000,2023-05-31,경기도,성남시 분당구,수내2동,10370,5054,5316,10347,5047,5300,-23,-7,-16
4113554000,2023-05-31,경기도,성남시 분당구,수내3동,13468,6722,6746,13458,6718,6740,-10,-4,-6
4113554500,2023-05-31,경기도,성남시 분당구,정자동,18847,9450,9397,18411,9246,9165,-436,-204,-232
4113555000,2023-05-31,경기도,성남시 분당구,정자1동,30111,14222,15889,30144,14231,15913,33,9,24
4113556000,2023-05-31,경기도,성남시 분당구,정자2동,14744,6979,7765,14732,6987,7745,-12,8,-20
4113557000,2023-05-31,경기도,성남시 분당구,정자3동,16965,8218,8747,16951,8212,8739,-14,-6,-8
4113558000,2023-05-31,경기도,성남시 분당구,서현1동,31172,15125,16047,31138,15109,16029,-34,-16,-18
4113559000,2023-05-31,경기도,성남시 분당구,서현2동,17831,8794,9037,17843,8792,9051,12,-2,14
4113560000,2023-05-31,경기도,성남시 분당구,이매1동,24953,12230,12723,24926,12201,12725,-27,-29,2
4113561000,2023-05-31,경기도,성남시 분당구,이매2동,13195,6420,6775,13170,6401,6769,-25,-19,-6
4113562000,2023-05-31,경기도,성남시 분당구,야탑1동,16974,8426,8548,16960,8415,8545,-14,-11,-3
4113563000,2023-05-31,경기도,성남시 분당구,야탑2동,15961,7557,8404,15930,7547,8383,-31,-10,-21
4113564000,2023-05-31,경기도,성남시 분당구,야탑3동,27215,13433,13782,27177,13407,13770,-38,-26,-12
4113565000,2023-05-31,경기도,성남시 분당구,판교동,26407,12976,13431,26407,12985,13422,0,9,-9
4113565500,2023-05-31,경기도,성남시 분당구,삼평동,24145,11675,12470,24142,11668,12474,-3,-7,4
4113565700,2023-05-31,경기도,성남시 분당구,백현동,26952,12961,13991,26914,12944,13970,-38,-17,-21
4113566200,2023-05-31,경기도,성남시 분당구,금곡동,27338,12840,14498,27317,12838,14479,-21,-2,-19
4113566500,2023-05-31,경기도,성남시 분당구,구미1동,16683,8085,8598,16692,8100,8592,9,15,-6
4113567000,2023-05-31,경기도,성남시 분당구,구미동,28932,13722,15210,28820,13679,15141,-112,-43,-69
4113568000,2023-05-31,경기도,성남시 분당구,운중동,33463,16351,17112,33529,16375,17154,66,24,42
4115051000,2023-05-31,경기도,의정부시,의정부1동,37615,19130,18485,37640,19136,18504,25,6,19
4115052000,2023-05-31,경기도,의정부시,의정부2동,29899,14873,15026,29839,14852,14987,-60,-21,-39
4115054500,2023-05-31,경기도,의정부시,호원1동,34894,16916,17978,34886,16897,17989,-8,-19,11
4115055500,2023-05-31,경기도,의정부시,호원2동,33619,16201,17418,33566,16176,17390,-53,-25,-28
4115056100,2023-05-31,경기도,의정부시,장암동,19396,9261,10135,19408,9266,10142,12,5,7
4115056700,2023-05-31,경기도,의정부시,신곡1동,40388,19742,20646,40261,19681,20580,-127,-61,-66
4115056800,2023-05-31,경기도,의정부시,신곡2동,46189,22302,23887,46049,22216,23833,-140,-86,-54
4115057300,2023-05-31,경기도,의정부시,송산1동,50353,24927,25426,50958,25222,25736,605,295,310
4115057600,2023-05-31,경기도,의정부시,송산2동,32538,16106,16432,32479,16081,16398,-59,-25,-34
4115057800,2023-05-31,경기도,의정부시,송산3동,46105,22331,23774,46071,22328,23743,-34,-3,-31
4115058000,2023-05-31,경기도,의정부시,자금동,26382,12926,13456,26342,12918,13424,-40,-8,-32
4115059500,2023-05-31,경기도,의정부시,가능동,24771,12377,12394,24671,12327,12344,-100,-50,-50
4115061500,2023-05-31,경기도,의정부시,흥선동,19610,9981,9629,19586,9939,9647,-24,-42,18
4115062000,2023-05-31,경기도,의정부시,녹양동,20615,10228,10387,20573,10198,10375,-42,-30,-12
4117151000,2023-05-31,경기도,안양시 만안구,안양1동,12044,6026,6018,12039,6031,6008,-5,5,-10
4117152000,2023-05-31,경기도,안양시 만안구,안양2동,23213,11622,11591,23211,11608,11603,-2,-14,12
4117153000,2023-05-31,경기도,안양시 만안구,안양3동,15988,7913,8075,15971,7906,8065,-17,-7,-10
4117154000,2023-05-31,경기도,안양시 만안구,안양4동,6800,3379,3421,6797,3388,3409,-3,9,-12
4117155000,2023-05-31,경기도,안양시 만안구,안양5동,10076,5026,5050,10041,5012,5029,-35,-14,-21
4117156000,2023-05-31,경기도,안양시 만안구,안양6동,26801,13600,13201,26790,13590,13200,-11,-10,-1
4117157000,2023-05-31,경기도,안양시 만안구,안양7동,15126,7409,7717,15114,7412,7702,-12,3,-15
4117158000,2023-05-31,경기도,안양시 만안구,안양8동,8532,4410,4122,8518,4393,4125,-14,-17,3
4117158100,2023-05-31,경기도,안양시 만안구,안양9동,16730,8251,8479,16675,8234,8441,-55,-17,-38
4117159000,2023-05-31,경기도,안양시 만안구,석수1동,18859,9220,9639,18871,9230,9641,12,10,2
4117160000,2023-05-31,경기도,안양시 만안구,석수2동,30451,15218,15233,30403,15188,15215,-48,-30,-18
4117161000,2023-05-31,경기도,안양시 만안구,석수3동,12698,6430,6268,12675,6417,6258,-23,-13,-10
4117162100,2023-05-31,경기도,안양시 만안구,박달1동,14349,7198,7151,14304,7191,7113,-45,-7,-38
4117163000,2023-05-31,경기도,안양시 만안구,박달2동,22018,11015,11003,21974,10998,10976,-44,-17,-27
4117351000,2023-05-31,경기도,안양시 동안구,비산1동,27919,13652,14267,27944,13683,14261,25,31,-6
4117352000,2023-05-31,경기도,안양시 동안구,비산2동,14694,7174,7520,14703,7170,7533,9,-4,13
4117353000,2023-05-31,경기도,안양시 동안구,비산3동,11686,5846,5840,11642,5818,5824,-44,-28,-16
4117354000,2023-05-31,경기도,안양시 동안구,부흥동,16563,7893,8670,16576,7902,8674,13,9,4
4117354600,2023-05-31,경기도,안양시 동안구,달안동,10192,4591,5601,10169,4581,5588,-23,-10,-13
4117355000,2023-05-31,경기도,안양시 동안구,관양1동,34343,16760,17583,34309,16756,17553,-34,-4,-30
4117356000,2023-05-31,경기도,안양시 동안구,관양2동,18623,9502,9121,18631,9509,9122,8,7,1
4117356600,2023-05-31,경기도,안양시 동안구,부림동,26105,12620,13485,26055,12585,13470,-50,-35,-15
4117357000,2023-05-31,경기도,안양시 동안구,평촌동,14176,6956,7220,14167,6961,7206,-9,5,-14
4117357600,2023-05-31,경기도,안양시 동안구,평안동,23143,11284,11859,23137,11282,11855,-6,-2,-4
4117357800,2023-05-31,경기도,안양시 동안구,귀인동,16321,8098,8223,16301,8091,8210,-20,-7,-13
4117358000,2023-05-31,경기도,안양시 동안구,호계1동,18249,9211,9038,18242,9215,9027,-7,4,-11
4117359000,2023-05-31,경기도,안양시 동안구,호계2동,19168,9428,9740,19166,9421,9745,-2,-7,5
4117360000,2023-05-31,경기도,안양시 동안구,호계3동,23262,11651,11611,23241,11638,11603,-21,-13,-8
4117361000,2023-05-31,경기도,안양시 동안구,범계동,15412,7443,7969,15357,7417,7940,-55,-26,-29
4117362000,2023-05-31,경기도,안양시 동안구,신촌동,12542,6139,6403,12527,6128,6399,-15,-11,-4
4117363000,2023-05-31,경기도,안양시 동안구,갈산동,10698,5195,5503,10676,5177,5499,-22,-18,-4
4119060300,2023-05-31,경기도,부천시,심곡동,60345,30750,29595,60224,30688,29536,-121,-62,-59
4119060600,2023-05-31,경기도,부천시,부천동,86576,43158,43418,86286,43009,43277,-290,-149,-141
4119061000,2023-05-31,경기도,부천시,중동,40367,19853,20514,40356,19843,20513,-11,-10,-1
4119074200,2023-05-31,경기도,부천시,신중동,128593,61901,66692,128458,61833,66625,-135,-68,-67
4119074400,2023-05-31,경기도,부천시,상동,82729,40558,42171,82604,40517,42087,-125,-41,-84
4119074600,2023-05-31,경기도,부천시,대산동,77828,38415,39413,77606,38286,39320,-222,-129,-93
4119075000,2023-05-31,경기도,부천시,소사본동,54397,26758,27639,54250,26674,27576,-147,-84,-63
4119079500,2023-05-31,경기도,부천시,범안동,98129,48096,50033,99211,48624,50587,1082,528,554
4119080000,2023-05-31,경기도,부천시,성곡동,79302,39623,39679,79150,39570,39580,-152,-53,-99
4119083000,2023-05-31,경기도,부천시,오정동,79913,40885,39028,79676,40764,38912,-237,-121,-116
4121051000,2023-05-31,경기도,광명시,광명1동,57,29,28,56,28,28,-1,-1,0
4121052000,2023-05-31,경기도,광명시,광명2동,2954,1478,1476,2934,1466,1468,-20,-12,-8
4121054000,2023-05-31,경기도,광명시,광명3동,9823,4778,5045,9831,4783,5048,8,5,3
4121055000,2023-05-31,경기도,광명시,광명4동,9804,4864,4940,9121,4510,4611,-683,-354,-329
4121056000,2023-05-31,경기도,광명시,광명5동,12163,5931,6232,12192,5938,6254,29,7,22
4121057000,2023-05-31,경기도,광명시,광명6동,13730,6782,6948,13805,6831,6974,75,49,26
4121058000,2023-05-31,경기도,광명시,광명7동,20112,9850,10262,19905,9762,10143,-207,-88,-119
4121059000,2023-05-31,경기도,광명시,철산1동,10607,5263,5344,10619,5265,5354,12,2,10
4121060000,2023-05-31,경기도,광명시,철산2동,5580,2989,2591,5568,2985,2583,-12,-4,-8
4121061000,2023-05-31,경기도,광명시,철산3동,36941,18084,18857,36972,18075,18897,31,-9,40
4121062000,2023-05-31,경기도,광명시,철산4동,10038,5007,5031,9901,4925,4976,-137,-82,-55
4121063100,2023-05-31,경기도,광명시,하안1동,25490,12704,12786,25497,12698,12799,7,-6,13
4121063200,2023-05-31,경기도,광명시,하안2동,13449,6311,7138,13425,6290,7135,-24,-21,-3
4121063300,2023-05-31,경기도,광명시,하안3동,19333,9148,10185,19336,9150,10186,3,2,1
4121063400,2023-05-31,경기도,광명시,하안4동,12006,5808,6198,11978,5790,6188,-28,-18,-10
4121064000,2023-05-31,경기도,광명시,소하1동,30729,14900,15829,30670,14873,15797,-59,-27,-32
4121065000,2023-05-31,경기도,광명시,소하2동,27236,13573,13663,27203,13557,13646,-33,-16,-17
4121065500,2023-05-31,경기도,광명시,일직동,21806,10905,10901,21802,10900,10902,-4,-5,1
4121066000,2023-05-31,경기도,광명시,학온동,1991,1119,872,1971,1106,865,-20,-13,-7
4122025000,2023-05-31,경기도,평택시,팽성읍,28973,15292,13681,28901,15265,13636,-72,-27,-45
4122025300,2023-05-31,경기도,평택시,안중읍,43424,22565,20859,43345,22507,20838,-79,-58,-21
4122025600,2023-05-31,경기도,평택시,포승읍,24214,14842,9372,24097,14786,9311,-117,-56,-61
4122025900,2023-05-31,경기도,평택시,청북읍,26956,14446,12510,26995,14481,12514,39,35,4
4122031000,2023-05-31,경기도,평택시,진위면,11378,6282,5096,11337,6270,5067,-41,-12,-29
4122032000,2023-05-31,경기도,평택시,서탄면,3593,2008,1585,3609,2012,1597,16,4,12
4122033000,2023-05-31,경기도,평택시,고덕면,12994,6967,6027,12934,6949,5985,-60,-18,-42
4122034000,2023-05-31,경기도,평택시,오성면,6587,3535,3052,6571,3529,3042,-16,-6,-10
4122037000,2023-05-31,경기도,평택시,현덕면,4943,2628,2315,5286,2814,2472,343,186,157
4122051000,2023-05-31,경기도,평택시,중앙동,43842,23139,20703,43809,23122,20687,-33,-17,-16
4122052000,2023-05-31,경기도,평택시,서정동,24341,12567,11774,24304,12560,11744,-37,-7,-30
4122053500,2023-05-31,경기도,평택시,송탄동,22196,11632,10564,22177,11630,10547,-19,-2,-17
4122055000,2023-05-31,경기도,평택시,지산동,12764,7169,5595,12760,7165,5595,-4,-4,0
4122056000,2023-05-31,경기도,평택시,송북동,21810,10982,10828,21728,10954,10774,-82,-28,-54
4122057000,2023-05-31,경기도,평택시,신장1동,7172,3778,3394,7188,3792,3396,16,14,2
4122058000,2023-05-31,경기도,평택시,신장2동,5250,2892,2358,5234,2883,2351,-16,-9,-7
4122059000,2023-05-31,경기도,평택시,신평동,20959,11038,9921,20914,11034,9880,-45,-4,-41
4122060000,2023-05-31,경기도,평택시,원평동,13391,7072,6319,13416,7086,6330,25,14,11
4122061000,2023-05-31,경기도,평택시,통복동,3972,2097,1875,3950,2087,1863,-22,-10,-12
4122062000,2023-05-31,경기도,평택시,비전1동,51609,25952,25657,51734,26026,25708,125,74,51
4122063000,2023-05-31,경기도,평택시,비전2동,58071,28767,29304,57989,28719,29270,-82,-48,-34
4122063500,2023-05-31,경기도,평택시,용이동,25806,13665,12141,25898,13722,12176,92,57,35
4122064000,2023-05-31,경기도,평택시,세교동,34455,17452,17003,34548,17496,17052,93,44,49
4122065000,2023-05-31,경기도,평택시,동삭동,40793,21276,19517,40934,21325,19609,141,49,92
4122066000,2023-05-31,경기도,평택시,고덕동,34633,18500,16133,35328,18890,16438,695,390,305
4125051000,2023-05-31,경기도,동두천시,생연1동,6600,3325,3275,6582,3321,3261,-18,-4,-14
4125052000,2023-05-31,경기도,동두천시,생연2동,11391,5575,5816,11343,5542,5801,-48,-33,-15
4125053500,2023-05-31,경기도,동두천시,중앙동,4681,2435,2246,4656,2423,2233,-25,-12,-13
4125055000,2023-05-31,경기도,동두천시,보산동,2811,1362,1449,2786,1345,1441,-25,-17,-8
4125056500,2023-05-31,경기도,동두천시,불현동,26064,12787,13277,25951,12737,13214,-113,-50,-63
4125056600,2023-05-31,경기도,동두천시,송내동,25080,12330,12750,25004,12298,12706,-76,-32,-44
4125058000,2023-05-31,경기도,동두천시,소요동,8759,4569,4190,8713,4539,4174,-46,-30,-16
4125060000,2023-05-31,경기도,동두천시,상패동,5074,2734,2340,5064,2725,2339,-10,-9,-1
4127151000,2023-05-31,경기도,안산시 상록구,일동,24154,12295,11859,24063,12250,11813,-91,-45,-46
4127151500,2023-05-31,경기도,안산시 상록구,이동,23288,12573,10715,23220,12550,10670,-68,-23,-45
4127152500,2023-05-31,경기도,안산시 상록구,사동,31245,16467,14778,31121,16407,14714,-124,-60,-64
4127153200,2023-05-31,경기도,안산시 상록구,사이동,31493,15945,15548,31440,15932,15508,-53,-13,-40
4127153700,2023-05-31,경기도,안산시 상록구,해양동,40869,20549,20320,40810,20511,20299,-59,-38,-21
4127154000,2023-05-31,경기도,안산시 상록구,본오1동,36357,18879,17478,36233,18820,17413,-124,-59,-65
4127155000,2023-05-31,경기도,안산시 상록구,본오2동,25467,12582,12885,25363,12526,12837,-104,-56,-48
4127156000,2023-05-31,경기도,안산시 상록구,본오3동,18945,9440,9505,18854,9406,9448,-91,-34,-57
4127157000,2023-05-31,경기도,안산시 상록구,부곡동,21051,10830,10221,20996,10798,10198,-55,-32,-23
4127158000,2023-05-31,경기도,안산시 상록구,월피동,37233,18985,18248,37148,18948,18200,-85,-37,-48
4127159000,2023-05-31,경기도,안산시 상록구,성포동,25357,12354,13003,25346,12347,12999,-11,-7,-4
4127160000,2023-05-31,경기도,안산시 상록구,반월동,17021,8582,8439,17018,8574,8444,-3,-8,5
4127161000,2023-05-31,경기도,안산시 상록구,안산동,8783,4608,4175,8763,4597,4166,-20,-11,-9
4127351000,2023-05-31,경기도,안산시 단원구,와동,37309,19810,17499,37197,19763,17434,-112,-47,-65
4127352500,2023-05-31,경기도,안산시 단원구,고잔동,20944,10468,10476,20801,10397,10404,-143,-71,-72
4127353200,2023-05-31,경기도,안산시 단원구,중앙동,23175,11506,11669,23100,11468,11632,-75,-38,-37
4127353500,2023-05-31,경기도,안산시 단원구,호수동,42915,21634,21281,42888,21612,21276,-27,-22,-5
4127354500,2023-05-31,경기도,안산시 단원구,원곡동,5828,3317,2511,5789,3298,2491,-39,-19,-20
4127355500,2023-05-31,경기도,안산시 단원구,백운동,22712,11406,11306,23572,11834,11738,860,428,432
4127356500,2023-05-31,경기도,안산시 단원구,신길동,21756,11711,10045,21712,11682,10030,-44,-29,-15
4127357000,2023-05-31,경기도,안산시 단원구,초지동,46109,23599,22510,46020,23558,22462,-89,-41,-48
4127358000,2023-05-31,경기도,안산시 단원구,선부1동,17161,8722,8439,17081,8682,8399,-80,-40,-40
4127359000,2023-05-31,경기도,안산시 단원구,선부2동,15367,8273,7094,15264,8218,7046,-103,-55,-48
4127360000,2023-05-31,경기도,안산시 단원구,선부3동,33703,17352,16351,33613,17316,16297,-90,-36,-54
4127361000,2023-05-31,경기도,안산시 단원구,대부동,9238,4860,4378,9221,4853,4368,-17,-7,-10
4128151000,2023-05-31,경기도,고양시 덕양구,주교동,11238,5778,5460,11196,5764,5432,-42,-14,-28
4128152000,2023-05-31,경기도,고양시 덕양구,원신동,23116,11038,12078,23127,11028,12099,11,-10,21
4128153000,2023-05-31,경기도,고양시 덕양구,흥도동,29793,14634,15159,29730,14603,15127,-63,-31,-32
4128154000,2023-05-31,경기도,고양시 덕양구,성사1동,21513,10707,10806,21486,10696,10790,-27,-11,-16
4128155000,2023-05-31,경기도,고양시 덕양구,성사2동,10840,5225,5615,10823,5211,5612,-17,-14,-3
4128156000,2023-05-31,경기도,고양시 덕양구,효자동,21660,10556,11104,21728,10587,11141,68,31,37
4128157600,2023-05-31,경기도,고양시 덕양구,삼송1동,20441,9823,10618,20918,10060,10858,477,237,240
4128157700,2023-05-31,경기도,고양시 덕양구,삼송2동,28647,13302,15345,28700,13319,15381,53,17,36
4128158000,2023-05-31,경기도,고양시 덕양구,창릉동,23483,11557,11926,23437,11551,11886,-46,-6,-40
4128159000,2023-05-31,경기도,고양시 덕양구,고양동,28864,14531,14333,28791,14477,14314,-73,-54,-19
4128160000,2023-05-31,경기도,고양시 덕양구,관산동,35639,18042,17597,35569,18008,17561,-70,-34,-36
4128161000,2023-05-31,경기도,고양시 덕양구,능곡동,17777,9120,8657,17901,9191,8710,124,71,53
4128162100,2023-05-31,경기도,고양시 덕양구,화정1동,36344,17601,18743,36293,17592,18701,-51,-9,-42
4128162200,2023-05-31,경기도,고양시 덕양구,화정2동,31628,15245,16383,31610,15223,16387,-18,-22,4
4128163000,2023-05-31,경기도,고양시 덕양구,행주동,17879,9429,8450,17825,9402,8423,-54,-27,-27
4128164000,2023-05-31,경기도,고양시 덕양구,행신1동,20918,10192,10726,20911,10175,10736,-7,-17,10
4128165000,2023-05-31,경기도,고양시 덕양구,행신2동,30650,14955,15695,30611,14929,15682,-39,-26,-13
4128165500,2023-05-31,경기도,고양시 덕양구,행신3동,23197,10993,12204,23195,10989,12206,-2,-4,2
4128165600,2023-05-31,경기도,고양시 덕양구,행신4동,20162,10065,10097,20136,10056,10080,-26,-9,-17
4128166000,2023-05-31,경기도,고양시 덕양구,화전동,27859,13903,13956,27896,13941,13955,37,38,-1
4128167000,2023-05-31,경기도,고양시 덕양구,대덕동,14268,7236,7032,14535,7369,7166,267,133,134
4128551000,2023-05-31,경기도,고양시 일산동구,식사동,40534,19713,20821,40589,19741,20848,55,28,27
4128552500,2023-05-31,경기도,고양시 일산동구,중산1동,20989,10180,10809,20953,10156,10797,-36,-24,-12
4128552600,2023-05-31,경기도,고양시 일산동구,중산2동,24038,11510,12528,23997,11490,12507,-41,-20,-21
4128553000,2023-05-31,경기도,고양시 일산동구,정발산동,22280,10727,11553,22215,10688,11527,-65,-39,-26
4128554000,2023-05-31,경기도,고양시 일산동구,풍산동,37443,17974,19469,37397,17941,19456,-46,-33,-13
4128555100,2023-05-31,경기도,고양시 일산동구,백석1동,29241,13878,15363,29218,13874,15344,-23,-4,-19
4128555200,2023-05-31,경기도,고양시 일산동구,백석2동,20225,9683,10542,20151,9640,10511,-74,-43,-31
4128556000,2023-05-31,경기도,고양시 일산동구,마두1동,23154,11118,12036,23104,11091,12013,-50,-27,-23
4128557000,2023-05-31,경기도,고양시 일산동구,마두2동,15572,7303,8269,15585,7309,8276,13,6,7
4128558000,2023-05-31,경기도,고양시 일산동구,장항1동,11001,5544,5457,11011,5537,5474,10,-7,17
4128559000,2023-05-31,경기도,고양시 일산동구,장항2동,26559,13015,13544,26566,13012,13554,7,-3,10
4128560000,2023-05-31,경기도,고양시 일산동구,고봉동,22393,11723,10670,22342,11714,10628,-51,-9,-42
4128751000,2023-05-31,경기도,고양시 일산서구,일산1동,25954,12499,13455,25912,12476,13436,-42,-23,-19
4128752000,2023-05-31,경기도,고양시 일산서구,일산2동,19037,9454,9583,19108,9475,9633,71,21,50
4128753000,2023-05-31,경기도,고양시 일산서구,일산3동,33881,16381,17500,33881,16368,17513,0,-13,13
4128754500,2023-05-31,경기도,고양시 일산서구,탄현1동,30285,14901,15384,30231,14864,15367,-54,-37,-17
4128754600,2023-05-31,경기도,고양시 일산서구,탄현2동,19340,9309,10031,19298,9287,10011,-42,-22,-20
4128755000,2023-05-31,경기도,고양시 일산서구,주엽1동,27069,12679,14390,27037,12654,14383,-32,-25,-7
4128756000,2023-05-31,경기도,고양시 일산서구,주엽2동,27550,12868,14682,27551,12872,14679,1,4,-3
4128757000,2023-05-31,경기도,고양시 일산서구,대화동,34882,16989,17893,34803,16957,17846,-79,-32,-47
4128758000,2023-05-31,경기도,고양시 일산서구,송포동,20741,10218,10523,20689,10175,10514,-52,-43,-9
4128760000,2023-05-31,경기도,고양시 일산서구,덕이동,30972,15191,15781,30973,15191,15782,1,0,1
4128761000,2023-05-31,경기도,고양시 일산서구,가좌동,18969,9403,9566,18934,9392,9542,-35,-11,-24
4129051000,2023-05-31,경기도,과천시,중앙동,11352,5496,5856,11367,5494,5873,15,-2,17
4129051500,2023-05-31,경기도,과천시,원문동,15488,7511,7977,15448,7499,7949,-40,-12,-28
4129052000,2023-05-31,경기도,과천시,갈현동,6736,3327,3409,7428,3668,3760,692,341,351
4129053000,2023-05-31,경기도,과천시,별양동,14699,7153,7546,14691,7161,7530,-8,8,-16
4129054000,2023-05-31,경기도,과천시,부림동,14709,7243,7466,14678,7223,7455,-31,-20,-11
4129055000,2023-05-31,경기도,과천시,과천동,8792,4559,4233,8723,4517,4206,-69,-42,-27
4129056000,2023-05-31,경기도,과천시,문원동,7153,3466,3687,7062,3423,3639,-91,-43,-48
4131051000,2023-05-31,경기도,구리시,갈매동,30133,14834,15299,30102,14809,15293,-31,-25,-6
4131052000,2023-05-31,경기도,구리시,동구동,36226,17774,18452,36171,17759,18412,-55,-15,-40
4131053000,2023-05-31,경기도,구리시,인창동,23573,11514,12059,23702,11576,12126,129,62,67
4131054100,2023-05-31,경기도,구리시,교문1동,15704,8087,7617,15669,8060,7609,-35,-27,-8
4131054200,2023-05-31,경기도,구리시,교문2동,21259,10300,10959,21201,10262,10939,-58,-38,-20
4131057000,2023-05-31,경기도,구리시,수택1동,15425,7701,7724,15417,7707,7710,-8,6,-14
4131058000,2023-05-31,경기도,구리시,수택2동,24930,12335,12595,24880,12314,12566,-50,-21,-29
4131059000,2023-05-31,경기도,구리시,수택3동,21421,10834,10587,21383,10813,10570,-38,-21,-17
4136025000,2023-05-31,경기도,남양주시,와부읍,57809,28456,29353,57717,28410,29307,-92,-46,-46
4136025300,2023-05-31,경기도,남양주시,진접읍,96105,48340,47765,96262,48424,47838,157,84,73
4136025600,2023-05-31,경기도,남양주시,화도읍,65530,32659,32871,65440,32625,32815,-90,-34,-56
4136025700,2023-05-31,경기도,남양주시,화도읍동부출장소,14064,7072,6992,13994,7029,6965,-70,-43,-27
4136025800,2023-05-31,경기도,남양주시,화도읍남부출장소,36350,18217,18133,36249,18161,18088,-101,-56,-45
4136025900,2023-05-31,경기도,남양주시,진건읍,21798,11350,10448,21673,11268,10405,-125,-82,-43
4136026200,2023-05-31,경기도,남양주시,오남읍,52310,26253,26057,52213,26183,26030,-97,-70,-27
4136026500,2023-05-31,경기도,남양주시,퇴계원읍,27937,13885,14052,27844,13825,14019,-93,-60,-33
4136031000,2023-05-31,경기도,남양주시,별내면,18841,9416,9425,18780,9394,9386,-61,-22,-39
4136034000,2023-05-31,경기도,남양주시,수동면,8814,4619,4195,8892,4668,4224,78,49,29
4136036000,2023-05-31,경기도,남양주시,조안면,3933,2036,1897,3926,2032,1894,-7,-4,-3
4136051000,2023-05-31,경기도,남양주시,호평동,56500,27534,28966,56516,27585,28931,16,51,-35
4136052000,2023-05-31,경기도,남양주시,평내동,37911,18622,19289,37920,18620,19300,9,-2,11
4136053000,2023-05-31,경기도,남양주시,금곡동,17947,9206,8741,17879,9159,8720,-68,-47,-21
4136054000,2023-05-31,경기도,남양주시,양정동,3583,2089,1494,3538,2058,1480,-45,-31,-14
4136054500,2023-05-31,경기도,남양주시,다산1동,100627,49362,51265,100709,49405,51304,82,43,39
4136056500,2023-05-31,경기도,남양주시,다산2동,35680,17429,18251,35699,17441,18258,19,12,7
4136057000,2023-05-31,경기도,남양주시,별내동,79782,38705,41077,79739,38681,41058,-43,-24,-19
4137051000,2023-05-31,경기도,오산시,중앙동,35027,17568,17459,35061,17582,17479,34,14,20
4137053000,2023-05-31,경기도,오산시,남촌동,20641,12466,8175,20646,12473,8173,5,7,-2
4137054000,2023-05-31,경기도,오산시,신장동,60336,30551,29785,60452,30630,29822,116,79,37
4137055000,2023-05-31,경기도,오산시,세마동,31856,16380,15476,31845,16372,15473,-11,-8,-3
4137056000,2023-05-31,경기도,오산시,초평동,16694,8658,8036,16640,8626,8014,-54,-32,-22
4137057000,2023-05-31,경기도,오산시,대원동,64567,33729,30838,64501,33685,30816,-66,-44,-22
4139051000,2023-05-31,경기도,시흥시,대야동,43061,21780,21281,43010,21768,21242,-51,-12,-39
4139052000,2023-05-31,경기도,시흥시,신천동,34640,17837,16803,34537,17778,16759,-103,-59,-44
4139053100,2023-05-31,경기도,시흥시,신현동,9471,4985,4486,9445,4978,4467,-26,-7,-19
4139054000,2023-05-31,경기도,시흥시,은행동,55366,27562,27804,55400,27579,27821,34,17,17
4139055000,2023-05-31,경기도,시흥시,매화동,11767,6186,5581,11753,6178,5575,-14,-8,-6
4139057000,2023-05-31,경기도,시흥시,목감동,41469,20972,20497,41554,21028,20526,85,56,29
4139058100,2023-05-31,경기도,시흥시,군자동,20662,10794,9868,20610,10757,9853,-52,-37,-15
4139058200,2023-05-31,경기도,시흥시,월곶동,17217,8952,8265,17248,8981,8267,31,29,2
4139058900,2023-05-31,경기도,시흥시,정왕본동,19387,12254,7133,19292,12196,7096,-95,-58,-37
4139059100,2023-05-31,경기도,시흥시,정왕1동,22769,13729,9040,22625,13643,8982,-144,-86,-58
4139059200,2023-05-31,경기도,시흥시,정왕2동,37128,20130,16998,37566,20365,17201,438,235,203
4139059300,2023-05-31,경기도,시흥시,정왕3동,22173,12608,9565,22146,12584,9562,-27,-24,-3
4139059400,2023-05-31,경기도,시흥시,정왕4동,20179,10016,10163,20094,9959,10135,-85,-57,-28
4139059600,2023-05-31,경기도,시흥시,배곧1동,35243,17593,17650,35254,17602,17652,11,9,2
4139059700,2023-05-31,경기도,시흥시,배곧2동,35354,18498,16856,35354,18511,16843,0,13,-13
4139062100,2023-05-31,경기도,시흥시,과림동,1851,1136,715,1838,1126,712,-13,-10,-3
4139063000,2023-05-31,경기도,시흥시,연성동,24350,12464,11886,24337,12467,11870,-13,3,-16
4139063100,2023-05-31,경기도,시흥시,장곡동,40962,20626,20336,41243,20753,20490,281,127,154
4139064000,2023-05-31,경기도,시흥시,능곡동,25023,12415,12608,24993,12395,12598,-30,-20,-10
4141051000,2023-05-31,경기도,군포시,군포1동,32629,17226,15403,32608,17208,15400,-21,-18,-3
4141052000,2023-05-31,경기도,군포시,군포2동,42678,21187,21491,42628,21150,21478,-50,-37,-13
4141054000,2023-05-31,경기도,군포시,산본1동,15330,7784,7546,15304,7763,7541,-26,-21,-5
4141055000,2023-05-31,경기도,군포시,산본2동,25833,12466,13367,25787,12463,13324,-46,-3,-43
4141056000,2023-05-31,경기도,군포시,금정동,19770,10295,9475,19742,10277,9465,-28,-18,-10
4141057000,2023-05-31,경기도,군포시,재궁동,17942,8476,9466,17926,8477,9449,-16,1,-17
4141058000,2023-05-31,경기도,군포시,오금동,20843,10081,10762,20840,10076,10764,-3,-5,2
4141059000,2023-05-31,경기도,군포시,수리동,15731,7488,8243,15693,7460,8233,-38,-28,-10
4141060000,2023-05-31,경기도,군포시,궁내동,20002,9796,10206,20002,9796,10206,0,0,0
4141061000,2023-05-31,경기도,군포시,대야동,9431,4721,4710,9393,4699,4694,-38,-22,-16
4141062000,2023-05-31,경기도,군포시,광정동,24009,11690,12319,24018,11684,12334,9,-6,15
4141063000,2023-05-31,경기도,군포시,송부동,20659,10196,10463,20683,10213,10470,24,17,7
4143051000,2023-05-31,경기도,의왕시,고천동,12760,6456,6304,12348,6226,6122,-412,-230,-182
4143052000,2023-05-31,경기도,의왕시,부곡동,27888,14098,13790,27833,14075,13758,-55,-23,-32
4143053000,2023-05-31,경기도,의왕시,오전동,38492,19143,19349,38530,19181,19349,38,38,0
4143054000,2023-05-31,경기도,의왕시,내손1동,20353,9971,10382,20335,9961,10374,-18,-10,-8
4143055000,2023-05-31,경기도,의왕시,내손2동,21870,10705,11165,21825,10691,11134,-45,-14,-31
4143056000,2023-05-31,경기도,의왕시,청계동,37519,18412,19107,37516,18400,19116,-3,-12,9
4145051000,2023-05-31,경기도,하남시,천현동,6768,3733,3035,6736,3715,3021,-32,-18,-14
4145052000,2023-05-31,경기도,하남시,신장1동,6855,3576,3279,6851,3573,3278,-4,-3,-1
4145053000,2023-05-31,경기도,하남시,신장2동,46051,22744,23307,46032,22760,23272,-19,16,-35
4145054000,2023-05-31,경기도,하남시,덕풍1동,14710,7451,7259,14673,7435,7238,-37,-16,-21
4145055000,2023-05-31,경기도,하남시,덕풍2동,18245,9176,9069,18193,9149,9044,-52,-27,-25
4145056000,2023-05-31,경기도,하남시,덕풍3동,25227,12506,12721,25220,12501,12719,-7,-5,-2
4145057000,2023-05-31,경기도,하남시,미사3동,29847,14736,15111,0,0,0,-29847,-14736,-15111
4145058000,2023-05-31,경기도,하남시,감북동,2702,1512,1190,2718,1518,1200,16,6,10
4145058200,2023-05-31,경기도,하남시,감일동,36147,18056,18091,36822,18381,18441,675,325,350
4145058500,2023-05-31,경기도,하남시,위례동,33371,16389,16982,33438,16422,17016,67,33,34
4145059000,2023-05-31,경기도,하남시,춘궁동,2700,1581,1119,2568,1514,1054,-132,-67,-65
4145060000,2023-05-31,경기도,하남시,초이동,3317,1885,1432,3303,1881,1422,-14,-4,-10
4145061000,2023-05-31,경기도,하남시,미사1동,53761,26501,27260,53742,26494,27248,-19,-7,-12
4145062000,2023-05-31,경기도,하남시,미사2동,47212,23169,24043,47152,23126,24026,-60,-43,-17
4145063000,2023-05-31,경기도,하남시,미사3동,0,0,0,29807,14704,15103,29807,14704,15103
4146125000,2023-05-31,경기도,용인시 처인구,포곡읍,33354,17239,16115,33368,17256,16112,14,17,-3
4146125300,2023-05-31,경기도,용인시 처인구,모현읍,26607,13910,12697,26567,13888,12679,-40,-22,-18
4146125600,2023-05-31,경기도,용인시 처인구,이동읍,20465,10519,9946,20380,10479,9901,-85,-40,-45
4146125900,2023-05-31,경기도,용인시 처인구,남사읍,23866,12075,11791,23849,12083,11766,-17,8,-25
4146134000,2023-05-31,경기도,용인시 처인구,원삼면,8020,4201,3819,8124,4265,3859,104,64,40
4146135000,2023-05-31,경기도,용인시 처인구,백암면,8210,4460,3750,8216,4473,3743,6,13,-7
4146136000,2023-05-31,경기도,용인시 처인구,양지면,19799,10631,9168,19896,10674,9222,97,43,54
4146151000,2023-05-31,경기도,용인시 처인구,중앙동,24845,12641,12204,24788,12615,12173,-57,-26,-31
4146152500,2023-05-31,경기도,용인시 처인구,역북동,32821,16610,16211,33938,17148,16790,1117,538,579
4146152600,2023-05-31,경기도,용인시 처인구,삼가동,12394,6123,6271,12392,6119,6273,-2,-4,2
4146153000,2023-05-31,경기도,용인시 처인구,유림동,36806,18617,18189,37047,18747,18300,241,130,111
4146154000,2023-05-31,경기도,용인시 처인구,동부동,13000,6716,6284,12917,6665,6252,-83,-51,-32
4146351000,2023-05-31,경기도,용인시 기흥구,신갈동,37721,18824,18897,37637,18768,18869,-84,-56,-28
4146351600,2023-05-31,경기도,용인시 기흥구,영덕1동,30048,14923,15125,30012,14912,15100,-36,-11,-25
4146351700,2023-05-31,경기도,용인시 기흥구,영덕2동,17428,8605,8823,17418,8597,8821,-10,-8,-2
4146352000,2023-05-31,경기도,용인시 기흥구,구갈동,41351,20761,20590,41324,20739,20585,-27,-22,-5
4146353000,2023-05-31,경기도,용인시 기흥구,상갈동,13076,6795,6281,13058,6795,6263,-18,0,-18
4146353500,2023-05-31,경기도,용인시 기흥구,보라동,32954,16241,16713,32927,16224,16703,-27,-17,-10
4146354000,2023-05-31,경기도,용인시 기흥구,기흥동,21415,10642,10773,21368,10618,10750,-47,-24,-23
4146355000,2023-05-31,경기도,용인시 기흥구,서농동,25837,13326,12511,25737,13255,12482,-100,-71,-29
4146356000,2023-05-31,경기도,용인시 기흥구,구성동,39756,19125,20631,39644,19071,20573,-112,-54,-58
4146357000,2023-05-31,경기도,용인시 기흥구,마북동,31550,15403,16147,31507,15383,16124,-43,-20,-23
4146357200,2023-05-31,경기도,용인시 기흥구,동백1동,32185,15396,16789,32110,15354,16756,-75,-42,-33
4146357500,2023-05-31,경기도,용인시 기흥구,동백2동,26959,13260,13699,26937,13248,13689,-22,-12,-10
4146357700,2023-05-31,경기도,용인시 기흥구,동백3동,26865,13040,13825,26895,13070,13825,30,30,0
4146358600,2023-05-31,경기도,용인시 기흥구,상하동,23876,11593,12283,23809,11563,12246,-67,-30,-37
4146359000,2023-05-31,경기도,용인시 기흥구,보정동,35615,17450,18165,35565,17424,18141,-50,-26,-24
4146551000,2023-05-31,경기도,용인시 수지구,풍덕천1동,35608,17807,17801,35560,17768,17792,-48,-39,-9
4146552000,2023-05-31,경기도,용인시 수지구,풍덕천2동,41669,20451,21218,41638,20439,21199,-31,-12,-19
4146553000,2023-05-31,경기도,용인시 수지구,신봉동,41162,19892,21270,41236,19918,21318,74,26,48
4146554000,2023-05-31,경기도,용인시 수지구,죽전1동,28537,13811,14726,28519,13798,14721,-18,-13,-5
4146555000,2023-05-31,경기도,용인시 수지구,죽전2동,18197,9040,9157,18188,9035,9153,-9,-5,-4
4146555500,2023-05-31,경기도,용인시 수지구,죽전3동,26624,12905,13719,26640,12903,13737,16,-2,18
4146556000,2023-05-31,경기도,용인시 수지구,동천동,50701,24927,25774,50687,24922,25765,-14,-5,-9
4146557000,2023-05-31,경기도,용인시 수지구,상현1동,20095,9654,10441,20070,9649,10421,-25,-5,-20
4146558000,2023-05-31,경기도,용인시 수지구,상현2동,33026,16018,17008,33048,16026,17022,22,8,14
4146558500,2023-05-31,경기도,용인시 수지구,상현3동,27722,13380,14342,27707,13382,14325,-15,2,-17
4146559000,2023-05-31,경기도,용인시 수지구,성복동,54580,26297,28283,54594,26291,28303,14,-6,20
4148025000,2023-05-31,경기도,파주시,문산읍,47385,24427,22958,47377,24420,22957,-8,-7,-1
4148025300,2023-05-31,경기도,파주시,파주읍,14154,7530,6624,14164,7544,6620,10,14,-4
4148025600,2023-05-31,경기도,파주시,법원읍,10073,5388,4685,10022,5353,4669,-51,-35,-16
4148026200,2023-05-31,경기도,파주시,조리읍,28772,14580,14192,28708,14558,14150,-64,-22,-42
4148031000,2023-05-31,경기도,파주시,월롱면,9164,6087,3077,9080,6027,3053,-84,-60,-24
4148032000,2023-05-31,경기도,파주시,탄현면,13222,7268,5954,13230,7248,5982,8,-20,28
4148035000,2023-05-31,경기도,파주시,광탄면,10803,5894,4909,10780,5883,4897,-23,-11,-12
4148036000,2023-05-31,경기도,파주시,파평면,3734,1978,1756,3731,1978,1753,-3,0,-3
4148037000,2023-05-31,경기도,파주시,적성면,7091,3855,3236,7066,3844,3222,-25,-11,-14
4148039000,2023-05-31,경기도,파주시,장단면,736,394,342,734,392,342,-2,-2,0
4148051000,2023-05-31,경기도,파주시,금촌1동,22095,11873,10222,22045,11897,10148,-50,24,-74
4148052000,2023-05-31,경기도,파주시,금촌2동,31822,15588,16234,31803,15554,16249,-19,-34,15
4148053000,2023-05-31,경기도,파주시,금촌3동,26184,13363,12821,26128,13328,12800,-56,-35,-21
4148054000,2023-05-31,경기도,파주시,교하동,7657,4076,3581,7661,4084,3577,4,8,-4
4148055000,2023-05-31,경기도,파주시,운정1동,46675,22902,23773,46677,22926,23751,2,24,-22
4148056000,2023-05-31,경기도,파주시,운정2동,63065,30707,32358,63168,30772,32396,103,65,38
4148057000,2023-05-31,경기도,파주시,운정3동,69682,34034,35648,69728,34064,35664,46,30,16
4148058000,2023-05-31,경기도,파주시,운정4동,22867,11234,11633,22858,11240,11618,-9,6,-15
4148059000,2023-05-31,경기도,파주시,운정5동,42832,21374,21458,42861,21401,21460,29,27,2
4148060000,2023-05-31,경기도,파주시,운정6동,18857,9470,9387,19099,9590,9509,242,120,122
4150025000,2023-05-31,경기도,이천시,장호원읍,14199,7185,7014,14168,7160,7008,-31,-25,-6
4150025300,2023-05-31,경기도,이천시,부발읍,36482,19472,17010,36491,19478,17013,9,6,3
4150031000,2023-05-31,경기도,이천시,신둔면,14251,7469,6782,14251,7481,6770,0,12,-12
4150032000,2023-05-31,경기도,이천시,백사면,11460,5850,5610,11477,5854,5623,17,4,13
4150033000,2023-05-31,경기도,이천시,호법면,5841,3145,2696,5830,3143,2687,-11,-2,-9
4150034000,2023-05-31,경기도,이천시,마장면,15683,8552,7131,15846,8627,7219,163,75,88
4150035000,2023-05-31,경기도,이천시,대월면,14479,7423,7056,14446,7410,7036,-33,-13,-20
4150036000,2023-05-31,경기도,이천시,모가면,4237,2290,1947,4232,2292,1940,-5,2,-7
4150037000,2023-05-31,경기도,이천시,설성면,4569,2446,2123,4567,2449,2118,-2,3,-5
4150038000,2023-05-31,경기도,이천시,율면,2612,1361,1251,2611,1364,1247,-1,3,-4
4150051000,2023-05-31,경기도,이천시,창전동,16538,8376,8162,16433,8325,8108,-105,-51,-54
4150051500,2023-05-31,경기도,이천시,증포동,57092,28490,28602,57220,28578,28642,128,88,40
4150052000,2023-05-31,경기도,이천시,중리동,15032,8660,6372,14959,8609,6350,-73,-51,-22
4150053000,2023-05-31,경기도,이천시,관고동,9873,5087,4786,9835,5053,4782,-38,-34,-4
4155025000,2023-05-31,경기도,안성시,공도읍,60129,30425,29704,60402,30564,29838,273,139,134
4155031000,2023-05-31,경기도,안성시,보개면,5196,2738,2458,5185,2730,2455,-11,-8,-3
4155032000,2023-05-31,경기도,안성시,금광면,7323,3626,3697,7329,3631,3698,6,5,1
4155033000,2023-05-31,경기도,안성시,서운면,3147,1666,1481,3131,1658,1473,-16,-8,-8
4155034000,2023-05-31,경기도,안성시,미양면,5647,3096,2551,5643,3094,2549,-4,-2,-2
4155035000,2023-05-31,경기도,안성시,대덕면,15391,8723,6668,15355,8691,6664,-36,-32,-4
4155036000,2023-05-31,경기도,안성시,양성면,5147,2694,2453,5143,2692,2451,-4,-2,-2
4155038000,2023-05-31,경기도,안성시,원곡면,6563,3672,2891,6585,3688,2897,22,16,6
4155039000,2023-05-31,경기도,안성시,일죽면,7344,3859,3485,7468,3930,3538,124,71,53
4155040000,2023-05-31,경기도,안성시,죽산면,6822,3648,3174,6937,3730,3207,115,82,33
4155041000,2023-05-31,경기도,안성시,삼죽면,3756,1919,1837,3767,1929,1838,11,10,1
4155042000,2023-05-31,경기도,안성시,고삼면,1891,998,893,1891,994,897,0,-4,4
4155051000,2023-05-31,경기도,안성시,안성1동,11986,6017,5969,11997,6014,5983,11,-3,14
4155052000,2023-05-31,경기도,안성시,안성2동,26230,13406,12824,26220,13404,12816,-10,-2,-8
4155053000,2023-05-31,경기도,안성시,안성3동,22065,11120,10945,22056,11121,10935,-9,1,-10
4157025000,2023-05-31,경기도,김포시,통진읍,31861,16925,14936,32679,17337,15342,818,412,406
4157025300,2023-05-31,경기도,김포시,고촌읍,48058,23865,24193,48085,23895,24190,27,30,-3
4157025600,2023-05-31,경기도,김포시,양촌읍,29848,15697,14151,29830,15697,14133,-18,0,-18
4157034000,2023-05-31,경기도,김포시,대곶면,9779,5703,4076,9745,5692,4053,-34,-11,-23
4157035000,2023-05-31,경기도,김포시,월곶면,5291,2914,2377,5292,2911,2381,1,-3,4
4157036000,2023-05-31,경기도,김포시,하성면,7998,4349,3649,7977,4347,3630,-21,-2,-19
4157051500,2023-05-31,경기도,김포시,김포본동,59221,29093,30128,59178,29100,30078,-43,7,-50
4157052500,2023-05-31,경기도,김포시,장기본동,39079,19033,20046,39152,19067,20085,73,34,39
4157054000,2023-05-31,경기도,김포시,사우동,21751,10905,10846,21748,10902,10846,-3,-3,0
4157055000,2023-05-31,경기도,김포시,풍무동,60450,29333,31117,60399,29307,31092,-51,-26,-25
4157056000,2023-05-31,경기도,김포시,장기동,41024,20055,20969,41066,20081,20985,42,26,16
4157057000,2023-05-31,경기도,김포시,구래동,45233,22516,22717,45097,22453,22644,-136,-63,-73
4157057500,2023-05-31,경기도,김포시,마산동,35690,17667,18023,35614,17595,18019,-76,-72,-4
4157058000,2023-05-31,경기도,김포시,운양동,49191,23974,25217,49187,23953,25234,-4,-21,17
4159025300,2023-05-31,경기도,화성시,봉담읍,88095,44590,43505,88116,44603,43513,21,13,8
4159025600,2023-05-31,경기도,화성시,우정읍,17490,9605,7885,17469,9600,7869,-21,-5,-16
4159025900,2023-05-31,경기도,화성시,향남읍,86195,46248,39947,86106,46235,39871,-89,-13,-76
4159026200,2023-05-31,경기도,화성시,남양읍,52228,28359,23869,53122,28828,24294,894,469,425
4159031000,2023-05-31,경기도,화성시,매송면,6801,3625,3176,6791,3622,3169,-10,-3,-7
4159032000,2023-05-31,경기도,화성시,비봉면,6972,3969,3003,7007,4003,3004,35,34,1
4159033000,2023-05-31,경기도,화성시,마도면,6918,4156,2762,6873,4135,2738,-45,-21,-24
4159034000,2023-05-31,경기도,화성시,송산면,10929,5987,4942,10902,5972,4930,-27,-15,-12
4159035000,2023-05-31,경기도,화성시,서신면,7205,4018,3187,7208,4021,3187,3,3,0
4159036000,2023-05-31,경기도,화성시,팔탄면,10015,6113,3902,10003,6108,3895,-12,-5,-7
4159037000,2023-05-31,경기도,화성시,장안면,10136,5882,4254,10129,5868,4261,-7,-14,7
4159040000,2023-05-31,경기도,화성시,양감면,4023,2490,1533,3995,2472,1523,-28,-18,-10
4159041000,2023-05-31,경기도,화성시,정남면,11224,6544,4680,11213,6540,4673,-11,-4,-7
4159051500,2023-05-31,경기도,화성시,새솔동,25451,12767,12684,25438,12764,12674,-13,-3,-10
4159052000,2023-05-31,경기도,화성시,진안동,49152,26794,22358,49385,26929,22456,233,135,98
4159053000,2023-05-31,경기도,화성시,병점1동,36732,18872,17860,36667,18846,17821,-65,-26,-39
4159054000,2023-05-31,경기도,화성시,병점2동,23108,11275,11833,23093,11247,11846,-15,-28,13
4159055000,2023-05-31,경기도,화성시,반월동,36545,18494,18051,36911,18671,18240,366,177,189
4159056000,2023-05-31,경기도,화성시,기배동,16224,8231,7993,16206,8222,7984,-18,-9,-9
4159057000,2023-05-31,경기도,화성시,화산동,24829,13120,11709,26139,13810,12329,1310,690,620
4159058500,2023-05-31,경기도,화성시,동탄1동,50471,26089,24382,50469,26079,24390,-2,-10,8
4159058600,2023-05-31,경기도,화성시,동탄2동,34401,16900,17501,34366,16872,17494,-35,-28,-7
4159058700,2023-05-31,경기도,화성시,동탄3동,41047,21193,19854,41090,21221,19869,43,28,15
4159058800,2023-05-31,경기도,화성시,동탄4동,53024,26345,26679,53188,26426,26762,164,81,83
4159059000,2023-05-31,경기도,화성시,동탄5동,46229,23185,23044,46346,23260,23086,117,75,42
4159060000,2023-05-31,경기도,화성시,동탄6동,42734,21988,20746,42816,22027,20789,82,39,43
4159061000,2023-05-31,경기도,화성시,동탄7동,93737,47046,46691,94177,47252,46925,440,206,234
4159062000,2023-05-31,경기도,화성시,동탄8동,33271,16768,16503,33325,16793,16532,54,25,29
4161025300,2023-05-31,경기도,광주시,초월읍,48323,25076,23247,49187,25547,23640,864,471,393
4161025900,2023-05-31,경기도,광주시,곤지암읍,22674,12172,10502,22535,12089,10446,-139,-83,-56
4161033000,2023-05-31,경기도,광주시,도척면,9421,5158,4263,9415,5163,4252,-6,5,-11
4161034000,2023-05-31,경기도,광주시,퇴촌면,15814,8025,7789,15773,8012,7761,-41,-13,-28
4161035000,2023-05-31,경기도,광주시,남종면,1460,777,683,1465,783,682,5,6,-1
4161037000,2023-05-31,경기도,광주시,남한산성면,2353,1220,1133,2344,1217,1127,-9,-3,-6
4161051000,2023-05-31,경기도,광주시,경안동,29240,14995,14245,29213,14987,14226,-27,-8,-19
4161052000,2023-05-31,경기도,광주시,송정동,21465,10891,10574,21373,10842,10531,-92,-49,-43
4161054000,2023-05-31,경기도,광주시,쌍령동,18119,9051,9068,18048,9030,9018,-71,-21,-50
4161055000,2023-05-31,경기도,광주시,탄벌동,38632,19637,18995,38616,19625,18991,-16,-12,-4
4161056000,2023-05-31,경기도,광주시,광남1동,34090,17409,16681,33988,17377,16611,-102,-32,-70
4161057000,2023-05-31,경기도,광주시,광남2동,33523,16617,16906,33568,16629,16939,45,12,33
4161058000,2023-05-31,경기도,광주시,오포1동,21503,11086,10417,21449,11047,10402,-54,-39,-15
4161059000,2023-05-31,경기도,광주시,오포2동,34000,17267,16733,33897,17202,16695,-103,-65,-38
4161060000,2023-05-31,경기도,광주시,신현동,36804,18305,18499,36760,18316,18444,-44,11,-55
4161061000,2023-05-31,경기도,광주시,능평동,23442,11683,11759,23422,11658,11764,-20,-25,5
4163025000,2023-05-31,경기도,양주시,백석읍,25605,12952,12653,25513,12910,12603,-92,-42,-50
4163031000,2023-05-31,경기도,양주시,은현면,5526,3144,2382,5519,3146,2373,-7,2,-9
4163032000,2023-05-31,경기도,양주시,남면,6622,3719,2903,6615,3712,2903,-7,-7,0
4163033000,2023-05-31,경기도,양주시,광적면,11495,6243,5252,11406,6205,5201,-89,-38,-51
4163034000,2023-05-31,경기도,양주시,장흥면,11682,5983,5699,11739,6026,5713,57,43,14
4163051000,2023-05-31,경기도,양주시,양주1동,4867,2538,2329,4883,2543,2340,16,5,11
4163052000,2023-05-31,경기도,양주시,양주2동,51015,24994,26021,51119,25040,26079,104,46,58
4163053000,2023-05-31,경기도,양주시,회천1동,9376,4970,4406,9326,4931,4395,-50,-39,-11
4163054000,2023-05-31,경기도,양주시,회천2동,31305,15748,15557,32075,16147,15928,770,399,371
4163055000,2023-05-31,경기도,양주시,회천3동,26157,12960,13197,25983,12871,13112,-174,-89,-85
4163056000,2023-05-31,경기도,양주시,회천4동,68568,34189,34379,70971,35420,35551,2403,1231,1172
4165025000,2023-05-31,경기도,포천시,소흘읍,43947,22406,21541,43791,22306,21485,-156,-100,-56
4165031000,2023-05-31,경기도,포천시,군내면,8380,4545,3835,8340,4519,3821,-40,-26,-14
4165032000,2023-05-31,경기도,포천시,내촌면,4457,2608,1849,4435,2589,1846,-22,-19,-3
4165033000,2023-05-31,경기도,포천시,가산면,7355,4335,3020,7301,4301,3000,-54,-34,-20
4165034000,2023-05-31,경기도,포천시,신북면,12083,6673,5410,12004,6629,5375,-79,-44,-35
4165035000,2023-05-31,경기도,포천시,창수면,2058,1143,915,2059,1145,914,1,2,-1
4165036000,2023-05-31,경기도,포천시,영중면,4697,2518,2179,4680,2505,2175,-17,-13,-4
4165037000,2023-05-31,경기도,포천시,일동면,9262,4884,4378,9278,4884,4394,16,0,16
4165038000,2023-05-31,경기도,포천시,이동면,5827,3170,2657,5827,3171,2656,0,1,-1
4165039000,2023-05-31,경기도,포천시,영북면,8003,4317,3686,7948,4289,3659,-55,-28,-27
4165040000,2023-05-31,경기도,포천시,관인면,2594,1349,1245,2581,1340,1241,-13,-9,-4
4165041000,2023-05-31,경기도,포천시,화현면,2622,1391,1231,2614,1391,1223,-8,0,-8
4165051000,2023-05-31,경기도,포천시,포천동,19372,9763,9609,19374,9765,9609,2,2,0
4165052000,2023-05-31,경기도,포천시,선단동,14716,7925,6791,14690,7917,6773,-26,-8,-18
4167025000,2023-05-31,경기도,여주시,가남읍,14734,7694,7040,14694,7668,7026,-40,-26,-14
4167031000,2023-05-31,경기도,여주시,점동면,4796,2480,2316,4806,2485,2321,10,5,5
4167032000,2023-05-31,경기도,여주시,흥천면,5073,2683,2390,5090,2696,2394,17,13,4
4167033000,2023-05-31,경기도,여주시,금사면,2956,1510,1446,2968,1520,1448,12,10,2
4167034500,2023-05-31,경기도,여주시,세종대왕면,6069,3152,2917,6049,3149,2900,-20,-3,-17
4167035000,2023-05-31,경기도,여주시,대신면,6771,3521,3250,6764,3518,3246,-7,-3,-4
4167036000,2023-05-31,경기도,여주시,북내면,4801,2522,2279,4775,2503,2272,-26,-19,-7
4167037000,2023-05-31,경기도,여주시,강천면,4330,2253,2077,4321,2245,2076,-9,-8,-1
4167038000,2023-05-31,경기도,여주시,산북면,2604,1326,1278,2585,1311,1274,-19,-15,-4
4167051000,2023-05-31,경기도,여주시,여흥동,21405,10714,10691,21196,10625,10571,-209,-89,-120
4167052000,2023-05-31,경기도,여주시,중앙동,21387,10677,10710,22052,10990,11062,665,313,352
4167053000,2023-05-31,경기도,여주시,오학동,18449,9161,9288,18350,9105,9245,-99,-56,-43
4180025000,2023-05-31,경기도,연천군,연천읍,7325,3945,3380,7496,4031,3465,171,86,85
4180025300,2023-05-31,경기도,연천군,전곡읍,18444,9431,9013,18361,9379,8982,-83,-52,-31
4180031000,2023-05-31,경기도,연천군,군남면,3051,1630,1421,3039,1623,1416,-12,-7,-5
4180032000,2023-05-31,경기도,연천군,청산면,4232,2291,1941,4242,2293,1949,10,2,8
4180033000,2023-05-31,경기도,연천군,백학면,2517,1338,1179,2510,1337,1173,-7,-1,-6
4180034000,2023-05-31,경기도,연천군,미산면,1710,936,774,1712,940,772,2,4,-2
4180035000,2023-05-31,경기도,연천군,왕징면,1016,547,469,1016,547,469,0,0,0
4180036000,2023-05-31,경기도,연천군,신서면,2557,1347,1210,2545,1337,1208,-12,-10,-2
4180037000,2023-05-31,경기도,연천군,중면,172,98,74,171,98,73,-1,0,-1
4180038000,2023-05-31,경기도,연천군,장남면,720,366,354,719,367,352,-1,1,-2
4182025000,2023-05-31,경기도,가평군,가평읍,19547,9933,9614,19539,9931,9608,-8,-2,-6
4182031000,2023-05-31,경기도,가평군,설악면,9630,4969,4661,9611,4957,4654,-19,-12,-7
4182032500,2023-05-31,경기도,가평군,청평면,13825,7076,6749,13784,7053,6731,-41,-23,-18
4182033000,2023-05-31,경기도,가평군,상면,5586,2966,2620,5579,2959,2620,-7,-7,0
4182034500,2023-05-31,경기도,가평군,조종면,9496,5034,4462,9492,5034,4458,-4,0,-4
4182035000,2023-05-31,경기도,가평군,북면,3831,1983,1848,3831,1985,1846,0,2,-2
4183025000,2023-05-31,경기도,양평군,양평읍,32972,16484,16488,33208,16589,16619,236,105,131
4183031000,2023-05-31,경기도,양평군,강상면,10231,5095,5136,10243,5107,5136,12,12,0
4183032000,2023-05-31,경기도,양평군,강하면,4887,2460,2427,4899,2469,2430,12,9,3
4183033000,2023-05-31,경기도,양평군,양서면,13928,6926,7002,13913,6914,6999,-15,-12,-3
4183034000,2023-05-31,경기도,양평군,옥천면,8274,4230,4044,8239,4212,4027,-35,-18,-17
4183035000,2023-05-31,경기도,양평군,서종면,10064,5019,5045,10077,5025,5052,13,6,7
4183036000,2023-05-31,경기도,양평군,단월면,3940,2030,1910,3930,2008,1922,-10,-22,12
4183037000,2023-05-31,경기도,양평군,청운면,3822,1971,1851,3823,1972,1851,1,1,0
4183038000,2023-05-31,경기도,양평군,양동면,4587,2328,2259,4584,2325,2259,-3,-3,0
4183039500,2023-05-31,경기도,양평군,지평면,6965,3542,3423,6966,3534,3432,1,-8,9
4183040000,2023-05-31,경기도,양평군,용문면,17864,9014,8850,17870,9019,8851,6,5,1
4183041000,2023-05-31,경기도,양평군,개군면,5233,2635,2598,5229,2632,2597,-4,-3,-1
4211025000,2023-05-31,강원도,춘천시,신북읍,7301,3654,3647,7262,3637,3625,-39,-17,-22
4211031000,2023-05-31,강원도,춘천시,동면,19282,9531,9751,19207,9500,9707,-75,-31,-44
4211032000,2023-05-31,강원도,춘천시,동산면,1442,774,668,1433,767,666,-9,-7,-2
4211033000,2023-05-31,강원도,춘천시,신동면,2587,1343,1244,2581,1341,1240,-6,-2,-4
4211034000,2023-05-31,강원도,춘천시,남면,1079,586,493,1076,584,492,-3,-2,-1
4211035000,2023-05-31,강원도,춘천시,서면,3699,1903,1796,3698,1898,1800,-1,-5,4
4211036000,2023-05-31,강원도,춘천시,사북면,2415,1196,1219,2411,1196,1215,-4,0,-4
4211038000,2023-05-31,강원도,춘천시,북산면,975,545,430,964,540,424,-11,-5,-6
4211039000,2023-05-31,강원도,춘천시,동내면,16833,8399,8434,16873,8423,8450,40,24,16
4211040000,2023-05-31,강원도,춘천시,남산면,3348,1759,1589,3337,1749,1588,-11,-10,-1
4211052000,2023-05-31,강원도,춘천시,교동,3633,1887,1746,3667,1895,1772,34,8,26
4211053000,2023-05-31,강원도,춘천시,조운동,2562,1261,1301,2552,1255,1297,-10,-6,-4
4211054500,2023-05-31,강원도,춘천시,약사명동,5414,2632,2782,5415,2632,2783,1,0,1
4211057000,2023-05-31,강원도,춘천시,근화동,8563,4275,4288,8530,4255,4275,-33,-20,-13
4211058000,2023-05-31,강원도,춘천시,소양동,8933,4389,4544,8901,4357,4544,-32,-32,0
4211060000,2023-05-31,강원도,춘천시,후평1동,11145,5556,5589,11133,5550,5583,-12,-6,-6
4211061000,2023-05-31,강원도,춘천시,후평2동,14276,6771,7505,14265,6765,7500,-11,-6,-5
4211061100,2023-05-31,강원도,춘천시,후평3동,20154,9577,10577,20123,9561,10562,-31,-16,-15
4211062000,2023-05-31,강원도,춘천시,효자1동,4227,2120,2107,4213,2118,2095,-14,-2,-12
4211063000,2023-05-31,강원도,춘천시,효자2동,12041,6393,5648,12133,6436,5697,92,43,49
4211064000,2023-05-31,강원도,춘천시,효자3동,4400,2207,2193,4396,2207,2189,-4,0,-4
4211065000,2023-05-31,강원도,춘천시,석사동,33777,16693,17084,33768,16689,17079,-9,-4,-5
4211066000,2023-05-31,강원도,춘천시,퇴계동,47914,23035,24879,47811,22997,24814,-103,-38,-65
4211067500,2023-05-31,강원도,춘천시,강남동,25731,12543,13188,25715,12529,13186,-16,-14,-2
4211070500,2023-05-31,강원도,춘천시,신사우동,25012,12490,12522,25390,12674,12716,378,184,194
4213025000,2023-05-31,강원도,원주시,문막읍,17889,9117,8772,17911,9140,8771,22,23,-1
4213031000,2023-05-31,강원도,원주시,소초면,8371,4459,3912,8378,4460,3918,7,1,6
4213032000,2023-05-31,강원도,원주시,호저면,3566,1854,1712,3557,1850,1707,-9,-4,-5
4213033000,2023-05-31,강원도,원주시,지정면,29731,14665,15066,29767,14700,15067,36,35,1
4213035000,2023-05-31,강원도,원주시,부론면,2184,1114,1070,2197,1125,1072,13,11,2
4213036000,2023-05-31,강원도,원주시,귀래면,2150,1110,1040,2143,1102,1041,-7,-8,1
4213037000,2023-05-31,강원도,원주시,흥업면,9524,5064,4460,9517,5070,4447,-7,6,-13
4213038000,2023-05-31,강원도,원주시,판부면,7236,3860,3376,7257,3881,3376,21,21,0
4213039000,2023-05-31,강원도,원주시,신림면,3602,1855,1747,3609,1864,1745,7,9,-2
4213051500,2023-05-31,강원도,원주시,중앙동,2424,1271,1153,2425,1270,1155,1,-1,2
4213052000,2023-05-31,강원도,원주시,원인동,4163,1961,2202,4152,1955,2197,-11,-6,-5
4213053000,2023-05-31,강원도,원주시,개운동,12436,5963,6473,12404,5957,6447,-32,-6,-26
4213054100,2023-05-31,강원도,원주시,명륜1동,8022,3831,4191,7996,3807,4189,-26,-24,-2
4213054200,2023-05-31,강원도,원주시,명륜2동,18788,9051,9737,18755,9034,9721,-33,-17,-16
4213055000,2023-05-31,강원도,원주시,단구동,43686,21429,22257,43601,21389,22212,-85,-40,-45
4213056000,2023-05-31,강원도,원주시,일산동,8436,4062,4374,8429,4055,4374,-7,-7,0
4213057500,2023-05-31,강원도,원주시,학성동,4437,2189,2248,4428,2178,2250,-9,-11,2
4213059000,2023-05-31,강원도,원주시,단계동,28559,13867,14692,28497,13842,14655,-62,-25,-37
4213060000,2023-05-31,강원도,원주시,우산동,13484,7135,6349,13491,7128,6363,7,-7,14
4213061000,2023-05-31,강원도,원주시,태장1동,10149,5075,5074,10117,5059,5058,-32,-16,-16
4213062000,2023-05-31,강원도,원주시,태장2동,24454,12245,12209,24435,12233,12202,-19,-12,-7
4213063500,2023-05-31,강원도,원주시,봉산동,7587,3734,3853,7581,3732,3849,-6,-2,-4
4213065000,2023-05-31,강원도,원주시,행구동,8778,4313,4465,8737,4294,4443,-41,-19,-22
4213066000,2023-05-31,강원도,원주시,무실동,35271,17264,18007,35199,17213,17986,-72,-51,-21
4213067500,2023-05-31,강원도,원주시,반곡관설동,46047,22447,23600,46447,22663,23784,400,216,184
4215025000,2023-05-31,강원도,강릉시,주문진읍,16246,7934,8312,16233,7927,8306,-13,-7,-6
4215031000,2023-05-31,강원도,강릉시,성산면,3524,1805,1719,3524,1798,1726,0,-7,7
4215032000,2023-05-31,강원도,강릉시,왕산면,1543,837,706,1549,844,705,6,7,-1
4215033000,2023-05-31,강원도,강릉시,구정면,4261,2152,2109,4248,2148,2100,-13,-4,-9
4215034000,2023-05-31,강원도,강릉시,강동면,4012,2121,1891,4002,2116,1886,-10,-5,-5
4215035000,2023-05-31,강원도,강릉시,옥계면,3376,1731,1645,3370,1730,1640,-6,-1,-5
4215036000,2023-05-31,강원도,강릉시,사천면,4789,2442,2347,4806,2452,2354,17,10,7
4215037000,2023-05-31,강원도,강릉시,연곡면,6250,3137,3113,6263,3143,3120,13,6,7
4215051000,2023-05-31,강원도,강릉시,홍제동,14922,7251,7671,14897,7233,7664,-25,-18,-7
4215052000,2023-05-31,강원도,강릉시,중앙동,4597,2195,2402,4591,2196,2395,-6,1,-7
4215054000,2023-05-31,강원도,강릉시,옥천동,3241,1650,1591,3244,1651,1593,3,1,2
4215055000,2023-05-31,강원도,강릉시,교1동,25507,12425,13082,25574,12447,13127,67,22,45
4215056000,2023-05-31,강원도,강릉시,교2동,7488,3739,3749,7455,3718,3737,-33,-21,-12
4215057100,2023-05-31,강원도,강릉시,포남1동,10817,5254,5563,10860,5268,5592,43,14,29
4215057200,2023-05-31,강원도,강릉시,포남2동,12444,6083,6361,12388,6058,6330,-56,-25,-31
4215058000,2023-05-31,강원도,강릉시,초당동,4554,2224,2330,4531,2215,2316,-23,-9,-14
4215059000,2023-05-31,강원도,강릉시,송정동,9785,4688,5097,9772,4689,5083,-13,1,-14
4215060000,2023-05-31,강원도,강릉시,내곡동,16503,8311,8192,16534,8320,8214,31,9,22
4215061500,2023-05-31,강원도,강릉시,강남동,17365,8727,8638,17356,8727,8629,-9,0,-9
4215064500,2023-05-31,강원도,강릉시,성덕동,28046,13882,14164,28069,13899,14170,23,17,6
4215066500,2023-05-31,강원도,강릉시,경포동,11360,5815,5545,11292,5782,5510,-68,-33,-35
4217051000,2023-05-31,강원도,동해시,천곡동,30355,15055,15300,30370,15069,15301,15,14,1
4217052000,2023-05-31,강원도,동해시,송정동,3559,1963,1596,3557,1965,1592,-2,2,-4
4217053000,2023-05-31,강원도,동해시,북삼동,19797,10252,9545,19785,10244,9541,-12,-8,-4
4217054000,2023-05-31,강원도,동해시,부곡동,4844,2367,2477,4840,2365,2475,-4,-2,-2
4217055000,2023-05-31,강원도,동해시,동호동,4963,2507,2456,4946,2496,2450,-17,-11,-6
4217057000,2023-05-31,강원도,동해시,발한동,3215,1634,1581,3207,1629,1578,-8,-5,-3
4217059000,2023-05-31,강원도,동해시,묵호동,2847,1418,1429,2836,1411,1425,-11,-7,-4
4217060000,2023-05-31,강원도,동해시,북평동,13502,6963,6539,13524,6972,6552,22,9,13
4217063000,2023-05-31,강원도,동해시,망상동,3387,1732,1655,3392,1733,1659,5,1,4
4217065000,2023-05-31,강원도,동해시,삼화동,2681,1412,1269,2687,1418,1269,6,6,0
4219051500,2023-05-31,강원도,태백시,황지동,5821,2839,2982,5812,2832,2980,-9,-7,-2
4219052500,2023-05-31,강원도,태백시,황연동,4083,2087,1996,4053,2068,1985,-30,-19,-11
4219053500,2023-05-31,강원도,태백시,삼수동,5356,2728,2628,5350,2720,2630,-6,-8,2
4219054000,2023-05-31,강원도,태백시,상장동,12637,6363,6274,12626,6368,6258,-11,5,-16
4219058500,2023-05-31,강원도,태백시,문곡소도동,3622,1800,1822,3609,1800,1809,-13,0,-13
4219059500,2023-05-31,강원도,태백시,장성동,3192,1581,1611,3186,1580,1606,-6,-1,-5
4219060500,2023-05-31,강원도,태백시,구문소동,2347,1214,1133,2349,1214,1135,2,0,2
4219061500,2023-05-31,강원도,태백시,철암동,1948,1038,910,1944,1036,908,-4,-2,-2
4221051000,2023-05-31,강원도,속초시,영랑동,4267,2252,2015,4254,2234,2020,-13,-18,5
4221052000,2023-05-31,강원도,속초시,동명동,3932,1974,1958,4099,2059,2040,167,85,82
4221054000,2023-05-31,강원도,속초시,금호동,5833,2865,2968,5860,2876,2984,27,11,16
4221056000,2023-05-31,강원도,속초시,교동,9343,4612,4731,9329,4593,4736,-14,-19,5
4221057000,2023-05-31,강원도,속초시,노학동,21285,10638,10647,21237,10620,10617,-48,-18,-30
4221058000,2023-05-31,강원도,속초시,조양동,29903,14503,15400,29836,14482,15354,-67,-21,-46
4221059000,2023-05-31,강원도,속초시,청호동,4902,2451,2451,4887,2442,2445,-15,-9,-6
4221060000,2023-05-31,강원도,속초시,대포동,3034,1572,1462,3019,1570,1449,-15,-2,-13
4223025000,2023-05-31,강원도,삼척시,도계읍,9623,4843,4780,9564,4818,4746,-59,-25,-34
4223025300,2023-05-31,강원도,삼척시,원덕읍,3197,1697,1500,3194,1695,1499,-3,-2,-1
4223025400,2023-05-31,강원도,삼척시,원덕읍임원출장소,1612,816,796,1600,811,789,-12,-5,-7
4223031000,2023-05-31,강원도,삼척시,근덕면,4933,2530,2403,4921,2519,2402,-12,-11,-1
4223032000,2023-05-31,강원도,삼척시,하장면,1261,690,571,1256,684,572,-5,-6,1
4223033000,2023-05-31,강원도,삼척시,노곡면,689,376,313,686,375,311,-3,-1,-2
4223034000,2023-05-31,강원도,삼척시,미로면,1794,932,862,1798,936,862,4,4,0
4223035000,2023-05-31,강원도,삼척시,가곡면,668,341,327,667,343,324,-1,2,-3
4223036000,2023-05-31,강원도,삼척시,신기면,646,355,291,641,354,287,-5,-1,-4
4223051000,2023-05-31,강원도,삼척시,남양동,7032,3469,3563,7041,3471,3570,9,2,7
4223053000,2023-05-31,강원도,삼척시,교동,15843,8087,7756,15878,8100,7778,35,13,22
4223054000,2023-05-31,강원도,삼척시,정라동,8453,4291,4162,8445,4289,4156,-8,-2,-6
4223057000,2023-05-31,강원도,삼척시,성내동,7693,3766,3927,7668,3750,3918,-25,-16,-9
4272025000,2023-05-31,강원도,홍천군,홍천읍,33805,17082,16723,33746,17079,16667,-59,-3,-56
4272031000,2023-05-31,강원도,홍천군,화촌면,4343,2323,2020,4337,2314,2023,-6,-9,3
4272032000,2023-05-31,강원도,홍천군,두촌면,2425,1234,1191,2429,1241,1188,4,7,-3
4272033000,2023-05-31,강원도,홍천군,내촌면,2430,1251,1179,2421,1245,1176,-9,-6,-3
4272034000,2023-05-31,강원도,홍천군,서석면,3679,1890,1789,3663,1881,1782,-16,-9,-7
4272035200,2023-05-31,강원도,홍천군,영귀미면,4162,2140,2022,4175,2152,2023,13,12,1
4272036000,2023-05-31,강원도,홍천군,남면,5790,3079,2711,5826,3108,2718,36,29,7
4272037000,2023-05-31,강원도,홍천군,서면,3798,1998,1800,3808,2006,1802,10,8,2
4272038000,2023-05-31,강원도,홍천군,북방면,4166,2195,1971,4176,2203,1973,10,8,2
4272039000,2023-05-31,강원도,홍천군,내면,3063,1632,1431,3068,1635,1433,5,3,2
4273025000,2023-05-31,강원도,횡성군,횡성읍,20937,10524,10413,20896,10494,10402,-41,-30,-11
4273031000,2023-05-31,강원도,횡성군,우천면,4415,2311,2104,4415,2315,2100,0,4,-4
4273032000,2023-05-31,강원도,횡성군,안흥면,3173,1633,1540,3162,1631,1531,-11,-2,-9
4273033000,2023-05-31,강원도,횡성군,둔내면,5944,3095,2849,5960,3104,2856,16,9,7
4273034000,2023-05-31,강원도,횡성군,갑천면,2462,1277,1185,2470,1281,1189,8,4,4
4273035000,2023-05-31,강원도,횡성군,청일면,2403,1221,1182,2404,1220,1184,1,-1,2
4273036000,2023-05-31,강원도,횡성군,공근면,3455,1807,1648,3447,1807,1640,-8,0,-8
4273037000,2023-05-31,강원도,횡성군,서원면,2089,1115,974,2081,1112,969,-8,-3,-5
4273038000,2023-05-31,강원도,횡성군,강림면,1769,913,856,1767,911,856,-2,-2,0
4275025000,2023-05-31,강원도,영월군,영월읍,20625,10546,10079,20601,10539,10062,-24,-7,-17
4275025300,2023-05-31,강원도,영월군,상동읍,995,518,477,995,519,476,0,1,-1
4275031200,2023-05-31,강원도,영월군,산솔면,1382,741,641,1382,740,642,0,-1,1
4275032500,2023-05-31,강원도,영월군,김삿갓면,1744,926,818,1751,930,821,7,4,3
4275033000,2023-05-31,강원도,영월군,북면,2064,1086,978,2059,1080,979,-5,-6,1
4275034000,2023-05-31,강원도,영월군,남면,2184,1159,1025,2176,1151,1025,-8,-8,0
4275035500,2023-05-31,강원도,영월군,한반도면,1215,654,561,1209,651,558,-6,-3,-3
4275035900,2023-05-31,강원도,영월군,한반도면쌍용출장소,1604,871,733,1601,867,734,-3,-4,1
4275036000,2023-05-31,강원도,영월군,주천면,3741,1907,1834,3731,1903,1828,-10,-4,-6
4275038000,2023-05-31,강원도,영월군,무릉도원면,2087,1083,1004,2096,1088,1008,9,5,4
4276025000,2023-05-31,강원도,평창군,평창읍,8395,4330,4065,8370,4318,4052,-25,-12,-13
4276031000,2023-05-31,강원도,평창군,미탄면,1610,864,746,1617,869,748,7,5,2
4276032000,2023-05-31,강원도,평창군,방림면,832,427,405,832,425,407,0,-2,2
4276032500,2023-05-31,강원도,평창군,방림면계촌출장소,1725,896,829,1724,893,831,-1,-3,2
4276033000,2023-05-31,강원도,평창군,대화면,5065,2604,2461,5074,2601,2473,9,-3,12
4276034000,2023-05-31,강원도,평창군,봉평면,5731,3016,2715,5725,3014,2711,-6,-2,-4
4276035000,2023-05-31,강원도,평창군,용평면,3087,1573,1514,3089,1576,1513,2,3,-1
4276036000,2023-05-31,강원도,평창군,진부면,8439,4263,4176,8437,4264,4173,-2,1,-3
4276038000,2023-05-31,강원도,평창군,대관령면,5845,3091,2754,5854,3105,2749,9,14,-5
4277025000,2023-05-31,강원도,정선군,정선읍,10081,5164,4917,10050,5141,4909,-31,-23,-8
4277025300,2023-05-31,강원도,정선군,고한읍,4289,2238,2051,4274,2224,2050,-15,-14,-1
4277025600,2023-05-31,강원도,정선군,사북읍,4519,2379,2140,4489,2362,2127,-30,-17,-13
4277025900,2023-05-31,강원도,정선군,신동읍,1759,930,829,1757,928,829,-2,-2,0
4277026000,2023-05-31,강원도,정선군,신동읍함백출장소,1582,802,780,1575,801,774,-7,-1,-6
4277032000,2023-05-31,강원도,정선군,남면,3116,1657,1459,3119,1661,1458,3,4,-1
4277034000,2023-05-31,강원도,정선군,북평면,2458,1261,1197,2468,1268,1200,10,7,3
4277035000,2023-05-31,강원도,정선군,임계면,3397,1816,1581,3397,1817,1580,0,1,-1
4277036000,2023-05-31,강원도,정선군,화암면,1580,864,716,1582,866,716,2,2,0
4277037000,2023-05-31,강원도,정선군,여량면,1934,1025,909,1936,1025,911,2,0,2
4278025000,2023-05-31,강원도,철원군,철원읍,5065,2587,2478,5067,2591,2476,2,4,-2
4278025300,2023-05-31,강원도,철원군,김화읍,3285,1756,1529,3279,1754,1525,-6,-2,-4
4278025600,2023-05-31,강원도,철원군,갈말읍,11721,6220,5501,11690,6203,5487,-31,-17,-14
4278025900,2023-05-31,강원도,철원군,동송읍,14387,7277,7110,14347,7266,7081,-40,-11,-29
4278031000,2023-05-31,강원도,철원군,서면,1771,971,800,1765,969,796,-6,-2,-4
4278031500,2023-05-31,강원도,철원군,서면와수출장소,3500,1758,1742,3490,1758,1732,-10,0,-10
4278032000,2023-05-31,강원도,철원군,근남면,2082,1099,983,2077,1098,979,-5,-1,-4
4278033000,2023-05-31,강원도,철원군,근북면,102,48,54,101,48,53,-1,0,-1
4279025000,2023-05-31,강원도,화천군,화천읍,8106,4215,3891,8148,4234,3914,42,19,23
4279031000,2023-05-31,강원도,화천군,간동면,2602,1382,1220,2609,1391,1218,7,9,-2
4279032000,2023-05-31,강원도,화천군,하남면,2835,1488,1347,2843,1501,1342,8,13,-5
4279033000,2023-05-31,강원도,화천군,상서면,3721,2202,1519,3737,2218,1519,16,16,0
4279034000,2023-05-31,강원도,화천군,사내면,5869,3113,2756,5837,3099,2738,-32,-14,-18
4280025000,2023-05-31,강원도,양구군,양구읍,13640,6935,6705,13632,6932,6700,-8,-3,-5
4280031500,2023-05-31,강원도,양구군,국토정중앙면,3311,1854,1457,3315,1855,1460,4,1,3
4280032000,2023-05-31,강원도,양구군,동면,1985,1093,892,1988,1091,897,3,-2,5
4280033000,2023-05-31,강원도,양구군,방산면,1208,679,529,1201,676,525,-7,-3,-4
4280034000,2023-05-31,강원도,양구군,해안면,1204,657,547,1206,658,548,2,1,1
4281025000,2023-05-31,강원도,인제군,인제읍,10206,5384,4822,10200,5381,4819,-6,-3,-3
4281025100,2023-05-31,강원도,인제군,인제읍귀둔출장소,495,253,242,495,253,242,0,0,0
4281031000,2023-05-31,강원도,인제군,남면,3826,2097,1729,3815,2095,1720,-11,-2,-9
4281032000,2023-05-31,강원도,인제군,북면,7888,4270,3618,7893,4263,3630,5,-7,12
4281033000,2023-05-31,강원도,인제군,기린면,5015,2746,2269,5016,2744,2272,1,-2,3
4281034000,2023-05-31,강원도,인제군,서화면,2612,1552,1060,2612,1555,1057,0,3,-3
4281035000,2023-05-31,강원도,인제군,상남면,2055,1179,876,2037,1168,869,-18,-11,-7
4282025000,2023-05-31,강원도,고성군,간성읍,7046,3718,3328,7102,3743,3359,56,25,31
4282025300,2023-05-31,강원도,고성군,거진읍,5806,2889,2917,5802,2888,2914,-4,-1,-3
4282031000,2023-05-31,강원도,고성군,현내면,2250,1100,1150,2251,1102,1149,1,2,-1
4282032000,2023-05-31,강원도,고성군,죽왕면,3446,1773,1673,3447,1772,1675,1,-1,2
4282033000,2023-05-31,강원도,고성군,토성면,8609,4523,4086,8622,4521,4101,13,-2,15
4283025000,2023-05-31,강원도,양양군,양양읍,12595,6396,6199,12535,6364,6171,-60,-32,-28
4283031000,2023-05-31,강원도,양양군,서면,2725,1405,1320,2738,1409,1329,13,4,9
4283032000,2023-05-31,강원도,양양군,손양면,2311,1160,1151,2312,1160,1152,1,0,1
4283033000,2023-05-31,강원도,양양군,현북면,2635,1367,1268,2642,1379,1263,7,12,-5
4283034000,2023-05-31,강원도,양양군,현남면,3002,1579,1423,3016,1588,1428,14,9,5
4283035000,2023-05-31,강원도,양양군,강현면,4601,2376,2225,4598,2372,2226,-3,-4,1
4311131000,2023-05-31,충청북도,청주시 상당구,낭성면,2133,1120,1013,2119,1114,1005,-14,-6,-8
4311132000,2023-05-31,충청북도,청주시 상당구,미원면,4701,2414,2287,4697,2413,2284,-4,-1,-3
4311133000,2023-05-31,충청북도,청주시 상당구,가덕면,3794,1942,1852,3806,1952,1854,12,10,2
4311134000,2023-05-31,충청북도,청주시 상당구,남일면,6645,3415,3230,6629,3409,3220,-16,-6,-10
4311135000,2023-05-31,충청북도,청주시 상당구,문의면,3743,1962,1781,3738,1957,1781,-5,-5,0
4311152500,2023-05-31,충청북도,청주시 상당구,중앙동,6710,3297,3413,6690,3279,3411,-20,-18,-2
4311154500,2023-05-31,충청북도,청주시 상당구,성안동,6621,3342,3279,6658,3360,3298,37,18,19
4311162000,2023-05-31,충청북도,청주시 상당구,탑대성동,11060,5380,5680,11252,5468,5784,192,88,104
4311167000,2023-05-31,충청북도,청주시 상당구,영운동,10336,5196,5140,10302,5173,5129,-34,-23,-11
4311168000,2023-05-31,충청북도,청주시 상당구,금천동,30150,14619,15531,30154,14613,15541,4,-6,10
4311169000,2023-05-31,충청북도,청주시 상당구,용담.명암.산성동,13035,6397,6638,13015,6387,6628,-20,-10,-10
4311172000,2023-05-31,충청북도,청주시 상당구,용암1동,57664,28898,28766,57675,28889,28786,11,-9,20
4311173000,2023-05-31,충청북도,청주시 상당구,용암2동,41183,20296,20887,41148,20275,20873,-35,-21,-14
4311231000,2023-05-31,충청북도,청주시 서원구,남이면,9934,5208,4726,9901,5195,4706,-33,-13,-20
4311232000,2023-05-31,충청북도,청주시 서원구,현도면,3120,1624,1496,3123,1620,1503,3,-4,7
4311251000,2023-05-31,충청북도,청주시 서원구,사직1동,5007,2584,2423,4795,2480,2315,-212,-104,-108
4311252000,2023-05-31,충청북도,청주시 서원구,사직2동,12855,6306,6549,12829,6292,6537,-26,-14,-12
4311253000,2023-05-31,충청북도,청주시 서원구,사창동,14478,7345,7133,14590,7387,7203,112,42,70
4311254000,2023-05-31,충청북도,청주시 서원구,모충동,17456,8807,8649,17467,8816,8651,11,9,2
4311255000,2023-05-31,충청북도,청주시 서원구,산남동,25697,12855,12842,25686,12844,12842,-11,-11,0
4311256000,2023-05-31,충청북도,청주시 서원구,분평동,29180,14144,15036,29186,14134,15052,6,-10,16
4311257000,2023-05-31,충청북도,청주시 서원구,수곡1동,13124,6669,6455,13081,6641,6440,-43,-28,-15
4311258000,2023-05-31,충청북도,청주시 서원구,수곡2동,15358,7565,7793,15306,7537,7769,-52,-28,-24
4311259000,2023-05-31,충청북도,청주시 서원구,성화.개신.죽림동,42861,21165,21696,42885,21187,21698,24,22,2
4311325000,2023-05-31,충청북도,청주시 흥덕구,오송읍,24792,12371,12421,24882,12415,12467,90,44,46
4311331000,2023-05-31,충청북도,청주시 흥덕구,강내면,10567,5408,5159,10571,5419,5152,4,11,-7
4311332000,2023-05-31,충청북도,청주시 흥덕구,옥산면,17754,9079,8675,17753,9079,8674,-1,0,-1
4311370000,2023-05-31,충청북도,청주시 흥덕구,운천.신봉동,16009,7902,8107,15978,7885,8093,-31,-17,-14
4311374100,2023-05-31,충청북도,청주시 흥덕구,복대1동,49855,25505,24350,49894,25533,24361,39,28,11
4311374200,2023-05-31,충청북도,청주시 흥덕구,복대2동,15854,8231,7623,15804,8212,7592,-50,-19,-31
4311374700,2023-05-31,충청북도,청주시 흥덕구,가경동,55040,26837,28203,55013,26831,28182,-27,-6,-21
4311375100,2023-05-31,충청북도,청주시 흥덕구,봉명1동,9327,4972,4355,9315,4973,4342,-12,1,-13
4311375600,2023-05-31,충청북도,청주시 흥덕구,봉명2.송정동,23397,12587,10810,23378,12590,10788,-19,3,-22
4311376000,2023-05-31,충청북도,청주시 흥덕구,강서제1동,31060,15739,15321,31160,15772,15388,100,33,67
4311377000,2023-05-31,충청북도,청주시 흥덕구,강서제2동,16350,8730,7620,16390,8745,7645,40,15,25
4311425000,2023-05-31,충청북도,청주시 청원구,내수읍,18863,9751,9112,18849,9740,9109,-14,-11,-3
4311425300,2023-05-31,충청북도,청주시 청원구,오창읍,69376,37150,32226,69391,37152,32239,15,2,13
4311431000,2023-05-31,충청북도,청주시 청원구,북이면,4383,2348,2035,4369,2339,2030,-14,-9,-5
4311451000,2023-05-31,충청북도,청주시 청원구,우암동,12347,6231,6116,12369,6226,6143,22,-5,27
4311452000,2023-05-31,충청북도,청주시 청원구,내덕1동,8258,4168,4090,8275,4179,4096,17,11,6
4311453000,2023-05-31,충청북도,청주시 청원구,내덕2동,13235,6835,6400,13215,6823,6392,-20,-12,-8
4311454000,2023-05-31,충청북도,청주시 청원구,율량.사천동,48531,24215,24316,48524,24239,24285,-7,24,-31
4311455000,2023-05-31,충청북도,청주시 청원구,오근장동,18044,8891,9153,18079,8910,9169,35,19,16
4313025000,2023-05-31,충청북도,충주시,주덕읍,4807,2479,2328,4810,2482,2328,3,3,0
4313031000,2023-05-31,충청북도,충주시,살미면,2026,1029,997,2014,1021,993,-12,-8,-4
4313032500,2023-05-31,충청북도,충주시,수안보면,2841,1425,1416,2842,1426,1416,1,1,0
4313033500,2023-05-31,충청북도,충주시,대소원면,9221,5219,4002,9273,5258,4015,52,39,13
4313035000,2023-05-31,충청북도,충주시,신니면,2795,1435,1360,2781,1430,1351,-14,-5,-9
4313036000,2023-05-31,충청북도,충주시,노은면,2239,1146,1093,2232,1140,1092,-7,-6,-1
4313037000,2023-05-31,충청북도,충주시,앙성면,3926,2015,1911,3928,2014,1914,2,-1,3
4313038500,2023-05-31,충청북도,충주시,중앙탑면,13736,7092,6644,13746,7100,6646,10,8,2
4313039000,2023-05-31,충청북도,충주시,금가면,3842,2062,1780,3877,2090,1787,35,28,7
4313040000,2023-05-31,충청북도,충주시,동량면,3543,1798,1745,3524,1790,1734,-19,-8,-11
4313041000,2023-05-31,충청북도,충주시,산척면,2201,1130,1071,2205,1126,1079,4,-4,8
4313042000,2023-05-31,충청북도,충주시,엄정면,3049,1548,1501,3046,1544,1502,-3,-4,1
4313043000,2023-05-31,충청북도,충주시,소태면,1896,982,914,1893,978,915,-3,-4,1
4313051500,2023-05-31,충청북도,충주시,성내.충인동,2533,1248,1285,2516,1239,1277,-17,-9,-8
4313053500,2023-05-31,충청북도,충주시,교현.안림동,22849,11340,11509,22856,11343,11513,7,3,4
4313054000,2023-05-31,충청북도,충주시,교현2동,6540,3312,3228,6531,3310,3221,-9,-2,-7
4313055000,2023-05-31,충청북도,충주시,용산동,14480,7120,7360,14425,7069,7356,-55,-51,-4
4313056000,2023-05-31,충청북도,충주시,지현동,5116,2535,2581,5115,2542,2573,-1,7,-8
4313057100,2023-05-31,충청북도,충주시,문화동,9093,4576,4517,9072,4572,4500,-21,-4,-17
4313058000,2023-05-31,충청북도,충주시,호암.직동,22028,10974,11054,22060,10994,11066,32,20,12
4313060500,2023-05-31,충청북도,충주시,달천동,3810,2068,1742,3825,2076,1749,15,8,7
4313061000,2023-05-31,충청북도,충주시,봉방동,8837,4620,4217,8822,4616,4206,-15,-4,-11
4313062500,2023-05-31,충청북도,충주시,칠금.금릉동,14118,6925,7193,14109,6920,7189,-9,-5,-4
4313063000,2023-05-31,충청북도,충주시,연수동,35941,17936,18005,35941,17936,18005,0,0,0
4313064000,2023-05-31,충청북도,충주시,목행.용탄동,6526,3408,3118,6531,3417,3114,5,9,-4
4315025000,2023-05-31,충청북도,제천시,봉양읍,6763,3450,3313,6766,3454,3312,3,4,-1
4315031000,2023-05-31,충청북도,제천시,금성면,1824,969,855,1824,971,853,0,2,-2
4315032000,2023-05-31,충청북도,제천시,청풍면,1276,657,619,1274,660,614,-2,3,-5
4315033000,2023-05-31,충청북도,제천시,수산면,2002,1052,950,2000,1052,948,-2,0,-2
4315034000,2023-05-31,충청북도,제천시,덕산면,2151,1098,1053,2153,1100,1053,2,2,0
4315035000,2023-05-31,충청북도,제천시,한수면,678,345,333,675,343,332,-3,-2,-1
4315036000,2023-05-31,충청북도,제천시,백운면,3304,1709,1595,3323,1718,1605,19,9,10
4315038000,2023-05-31,충청북도,제천시,송학면,4747,2521,2226,4741,2515,2226,-6,-6,0
4315051000,2023-05-31,충청북도,제천시,교동,18149,8943,9206,18119,8926,9193,-30,-17,-13
4315051800,2023-05-31,충청북도,제천시,의림지동,10121,5028,5093,10103,5015,5088,-18,-13,-5
4315052800,2023-05-31,충청북도,제천시,중앙동,5592,2758,2834,5553,2742,2811,-39,-16,-23
4315053700,2023-05-31,충청북도,제천시,남현동,4784,2382,2402,4763,2370,2393,-21,-12,-9
4315054700,2023-05-31,충청북도,제천시,영서동,9943,4958,4985,9938,4962,4976,-5,4,-9
4315056000,2023-05-31,충청북도,제천시,용두동,19119,9563,9556,19124,9561,9563,5,-2,7
4315057700,2023-05-31,충청북도,제천시,신백동,10770,5391,5379,10787,5405,5382,17,14,3
4315059000,2023-05-31,충청북도,제천시,청전동,15242,7676,7566,15286,7705,7581,44,29,15
4315060500,2023-05-31,충청북도,제천시,화산동,14994,7603,7391,14986,7604,7382,-8,1,-9
4372025000,2023-05-31,충청북도,보은군,보은읍,14487,7216,7271,14485,7216,7269,-2,0,-2
4372031500,2023-05-31,충청북도,보은군,속리산면,1783,912,871,1778,909,869,-5,-3,-2
4372032500,2023-05-31,충청북도,보은군,장안면,1433,752,681,1422,749,673,-11,-3,-8
4372033000,2023-05-31,충청북도,보은군,마로면,2123,1040,1083,2127,1044,1083,4,4,0
4372034000,2023-05-31,충청북도,보은군,탄부면,1615,795,820,1617,798,819,2,3,-1
4372035000,2023-05-31,충청북도,보은군,삼승면,2275,1156,1119,2268,1150,1118,-7,-6,-1
4372036000,2023-05-31,충청북도,보은군,수한면,1846,935,911,1841,932,909,-5,-3,-2
4372037000,2023-05-31,충청북도,보은군,회남면,728,411,317,731,411,320,3,0,3
4372038500,2023-05-31,충청북도,보은군,회인면,1718,862,856,1719,862,857,1,0,1
4372039000,2023-05-31,충청북도,보은군,내북면,1631,834,797,1630,831,799,-1,-3,2
4372040000,2023-05-31,충청북도,보은군,산외면,1736,936,800,1731,936,795,-5,0,-5
4373025000,2023-05-31,충청북도,옥천군,옥천읍,28483,14238,14245,28479,14227,14252,-4,-11,7
4373031000,2023-05-31,충청북도,옥천군,동이면,3179,1640,1539,3172,1638,1534,-7,-2,-5
4373032000,2023-05-31,충청북도,옥천군,안남면,1389,712,677,1390,713,677,1,1,0
4373033000,2023-05-31,충청북도,옥천군,안내면,1927,987,940,1933,993,940,6,6,0
4373034000,2023-05-31,충청북도,옥천군,청성면,2298,1153,1145,2300,1151,1149,2,-2,4
4373035000,2023-05-31,충청북도,옥천군,청산면,2895,1424,1471,2886,1420,1466,-9,-4,-5
4373036000,2023-05-31,충청북도,옥천군,이원면,4017,2061,1956,4012,2061,1951,-5,0,-5
4373037000,2023-05-31,충청북도,옥천군,군서면,2149,1124,1025,2140,1119,1021,-9,-5,-4
4373038000,2023-05-31,충청북도,옥천군,군북면,2955,1544,1411,2950,1546,1404,-5,2,-7
4374025000,2023-05-31,충청북도,영동군,영동읍,19611,9736,9875,19584,9727,9857,-27,-9,-18
4374031000,2023-05-31,충청북도,영동군,용산면,3293,1701,1592,3275,1695,1580,-18,-6,-12
4374032000,2023-05-31,충청북도,영동군,황간면,4021,2030,1991,4028,2026,2002,7,-4,11
4374033500,2023-05-31,충청북도,영동군,추풍령면,2201,1094,1107,2206,1097,1109,5,3,2
4374034000,2023-05-31,충청북도,영동군,매곡면,1859,950,909,1858,955,903,-1,5,-6
4374035000,2023-05-31,충청북도,영동군,상촌면,2204,1083,1121,2203,1084,1119,-1,1,-2
4374036000,2023-05-31,충청북도,영동군,양강면,3039,1536,1503,3041,1538,1503,2,2,0
4374037000,2023-05-31,충청북도,영동군,용화면,956,493,463,957,493,464,1,0,1
4374038000,2023-05-31,충청북도,영동군,학산면,2677,1355,1322,2680,1355,1325,3,0,3
4374039000,2023-05-31,충청북도,영동군,양산면,1778,870,908,1784,873,911,6,3,3
4374040000,2023-05-31,충청북도,영동군,심천면,3045,1526,1519,3041,1528,1513,-4,2,-6
4374525000,2023-05-31,충청북도,증평군,증평읍,35556,18500,17056,35574,18515,17059,18,15,3
4374531000,2023-05-31,충청북도,증평군,도안면,1775,948,827,1768,944,824,-7,-4,-3
4375025000,2023-05-31,충청북도,진천군,진천읍,29852,15494,14358,29832,15491,14341,-20,-3,-17
4375025300,2023-05-31,충청북도,진천군,덕산읍,30031,15953,14078,30085,15980,14105,54,27,27
4375032000,2023-05-31,충청북도,진천군,초평면,3041,1593,1448,3031,1587,1444,-10,-6,-4
4375033000,2023-05-31,충청북도,진천군,문백면,3391,1780,1611,3379,1774,1605,-12,-6,-6
4375034000,2023-05-31,충청북도,진천군,백곡면,2050,1044,1006,2043,1044,999,-7,0,-7
4375035000,2023-05-31,충청북도,진천군,이월면,6239,3352,2887,6235,3353,2882,-4,1,-5
4375037000,2023-05-31,충청북도,진천군,광혜원면,11198,6162,5036,11242,6185,5057,44,23,21
4376025000,2023-05-31,충청북도,괴산군,괴산읍,9358,4769,4589,9356,4764,4592,-2,-5,3
4376031000,2023-05-31,충청북도,괴산군,감물면,2070,1081,989,2068,1077,991,-2,-4,2
4376032000,2023-05-31,충청북도,괴산군,장연면,1895,971,924,1899,976,923,4,5,-1
4376033000,2023-05-31,충청북도,괴산군,연풍면,2252,1187,1065,2238,1177,1061,-14,-10,-4
4376034000,2023-05-31,충청북도,괴산군,칠성면,3074,1568,1506,3080,1569,1511,6,1,5
4376035000,2023-05-31,충청북도,괴산군,문광면,2189,1128,1061,2175,1124,1051,-14,-4,-10
4376036000,2023-05-31,충청북도,괴산군,청천면,5152,2670,2482,5150,2664,2486,-2,-6,4
4376037000,2023-05-31,충청북도,괴산군,청안면,3416,1757,1659,3411,1748,1663,-5,-9,4
4376039000,2023-05-31,충청북도,괴산군,사리면,2615,1351,1264,2609,1349,1260,-6,-2,-4
4376040000,2023-05-31,충청북도,괴산군,소수면,2089,1080,1009,2080,1078,1002,-9,-2,-7
4376041000,2023-05-31,충청북도,괴산군,불정면,2669,1395,1274,2682,1403,1279,13,8,5
4377025000,2023-05-31,충청북도,음성군,음성읍,16746,8594,8152,16757,8590,8167,11,-4,15
4377025300,2023-05-31,충청북도,음성군,금왕읍,19448,10469,8979,19429,10478,8951,-19,9,-28
4377031000,2023-05-31,충청북도,음성군,소이면,2859,1489,1370,2870,1500,1370,11,11,0
4377032000,2023-05-31,충청북도,음성군,원남면,2991,1564,1427,2981,1559,1422,-10,-5,-5
4377033000,2023-05-31,충청북도,음성군,맹동면,13241,6931,6310,13255,6940,6315,14,9,5
4377034000,2023-05-31,충청북도,음성군,대소면,15543,8560,6983,15513,8547,6966,-30,-13,-17
4377035000,2023-05-31,충청북도,음성군,삼성면,6583,3677,2906,6590,3677,2913,7,0,7
4377036000,2023-05-31,충청북도,음성군,생극면,4499,2429,2070,4483,2426,2057,-16,-3,-13
4377037000,2023-05-31,충청북도,음성군,감곡면,9912,5084,4828,9909,5074,4835,-3,-10,7
4380025000,2023-05-31,충청북도,단양군,단양읍,10052,5066,4986,10050,5072,4978,-2,6,-8
4380025300,2023-05-31,충청북도,단양군,매포읍,5072,2636,2436,5067,2633,2434,-5,-3,-2
4380031000,2023-05-31,충청북도,단양군,대강면,2400,1199,1201,2399,1196,1203,-1,-3,2
4380032000,2023-05-31,충청북도,단양군,가곡면,2046,1091,955,2050,1091,959,4,0,4
4380033000,2023-05-31,충청북도,단양군,영춘면,3122,1489,1633,3112,1483,1629,-10,-6,-4
4380034000,2023-05-31,충청북도,단양군,어상천면,1861,1024,837,1865,1026,839,4,2,2
4380035000,2023-05-31,충청북도,단양군,적성면,1516,782,734,1519,783,736,3,1,2
4380036000,2023-05-31,충청북도,단양군,단성면,1616,808,808,1623,809,814,7,1,6
4413125000,2023-05-31,충청남도,천안시 동남구,목천읍,23679,12135,11544,23617,12099,11518,-62,-36,-26
4413131000,2023-05-31,충청남도,천안시 동남구,풍세면,3994,2193,1801,4003,2195,1808,9,2,7
4413132000,2023-05-31,충청남도,천안시 동남구,광덕면,4179,2135,2044,4182,2132,2050,3,-3,6
4413133000,2023-05-31,충청남도,천안시 동남구,북면,4308,2261,2047,4320,2268,2052,12,7,5
4413134000,2023-05-31,충청남도,천안시 동남구,성남면,3031,1576,1455,3022,1570,1452,-9,-6,-3
4413135000,2023-05-31,충청남도,천안시 동남구,수신면,2224,1228,996,2208,1218,990,-16,-10,-6
4413136000,2023-05-31,충청남도,천안시 동남구,병천면,6262,3392,2870,6243,3384,2859,-19,-8,-11
4413137000,2023-05-31,충청남도,천안시 동남구,동면,2002,1084,918,1997,1082,915,-5,-2,-3
4413151000,2023-05-31,충청남도,천안시 동남구,중앙동,5197,2723,2474,5214,2730,2484,17,7,10
4413152000,2023-05-31,충청남도,천안시 동남구,문성동,7789,3954,3835,7863,3990,3873,74,36,38
4413153000,2023-05-31,충청남도,천안시 동남구,원성1동,8323,4338,3985,8339,4337,4002,16,-1,17
4413154000,2023-05-31,충청남도,천안시 동남구,원성2동,8973,4592,4381,8979,4598,4381,6,6,0
4413155000,2023-05-31,충청남도,천안시 동남구,봉명동,17560,9010,8550,17537,8999,8538,-23,-11,-12
4413156000,2023-05-31,충청남도,천안시 동남구,일봉동,22400,11119,11281,22402,11120,11282,2,1,1
4413157000,2023-05-31,충청남도,천안시 동남구,신방동,43306,22224,21082,43326,22243,21083,20,19,1
4413158000,2023-05-31,충청남도,천안시 동남구,청룡동,57728,28775,28953,57921,28866,29055,193,91,102
4413159000,2023-05-31,충청남도,천안시 동남구,신안동,36822,17887,18935,36799,17876,18923,-23,-11,-12
4413325000,2023-05-31,충청남도,천안시 서북구,성환읍,23307,12184,11123,23213,12140,11073,-94,-44,-50
4413325300,2023-05-31,충청남도,천안시 서북구,성거읍,20630,10907,9723,20556,10865,9691,-74,-42,-32
4413325600,2023-05-31,충청남도,천안시 서북구,직산읍,19839,10843,8996,19839,10834,9005,0,-9,9
4413331000,2023-05-31,충청남도,천안시 서북구,입장면,8239,4477,3762,8262,4493,3769,23,16,7
4413351000,2023-05-31,충청남도,천안시 서북구,성정1동,17575,9253,8322,17544,9234,8310,-31,-19,-12
4413352000,2023-05-31,충청남도,천안시 서북구,성정2동,25858,14173,11685,25879,14216,11663,21,43,-22
4413353000,2023-05-31,충청남도,천안시 서북구,쌍용1동,13372,6588,6784,13360,6587,6773,-12,-1,-11
4413354000,2023-05-31,충청남도,천안시 서북구,쌍용2동,36121,17784,18337,36133,17778,18355,12,-6,18
4413355000,2023-05-31,충청남도,천안시 서북구,쌍용3동,18097,8751,9346,18086,8735,9351,-11,-16,5
4413356000,2023-05-31,충청남도,천안시 서북구,백석동,39771,20013,19758,39798,20029,19769,27,16,11
4413356600,2023-05-31,충청남도,천안시 서북구,불당1동,32411,16210,16201,32422,16212,16210,11,2,9
4413356700,2023-05-31,충청남도,천안시 서북구,불당2동,37025,18540,18485,37083,18562,18521,58,22,36
4413358000,2023-05-31,충청남도,천안시 서북구,부성1동,50225,25913,24312,50247,25960,24287,22,47,-25
4413359000,2023-05-31,충청남도,천안시 서북구,부성2동,57737,30690,27047,57819,30753,27066,82,63,19
4415025000,2023-05-31,충청남도,공주시,유구읍,7068,3548,3520,7057,3534,3523,-11,-14,3
4415031000,2023-05-31,충청남도,공주시,이인면,3091,1594,1497,3076,1585,1491,-15,-9,-6
4415032000,2023-05-31,충청남도,공주시,탄천면,2820,1452,1368,2820,1452,1368,0,0,0
4415033000,2023-05-31,충청남도,공주시,계룡면,5272,2703,2569,5263,2703,2560,-9,0,-9
4415034000,2023-05-31,충청남도,공주시,반포면,4167,2178,1989,4156,2179,1977,-11,1,-12
4415036000,2023-05-31,충청남도,공주시,의당면,4431,2343,2088,4423,2343,2080,-8,0,-8
4415037000,2023-05-31,충청남도,공주시,정안면,4699,2525,2174,4725,2558,2167,26,33,-7
4415038000,2023-05-31,충청남도,공주시,우성면,5070,2652,2418,5040,2640,2400,-30,-12,-18
4415039000,2023-05-31,충청남도,공주시,사곡면,2799,1409,1390,2783,1405,1378,-16,-4,-12
4415040000,2023-05-31,충청남도,공주시,신풍면,3103,1389,1714,3103,1393,1710,0,4,-4
4415051000,2023-05-31,충청남도,공주시,중학동,4443,2264,2179,4422,2249,2173,-21,-15,-6
4415054000,2023-05-31,충청남도,공주시,웅진동,7814,3836,3978,7782,3809,3973,-32,-27,-5
4415055000,2023-05-31,충청남도,공주시,금학동,5309,2582,2727,5332,2585,2747,23,3,20
4415056000,2023-05-31,충청남도,공주시,옥룡동,7474,3722,3752,7471,3715,3756,-3,-7,4
4415057000,2023-05-31,충청남도,공주시,신관동,19505,9372,10133,19571,9390,10181,66,18,48
4415059000,2023-05-31,충청남도,공주시,월송동,15682,7720,7962,15707,7740,7967,25,20,5
4418025000,2023-05-31,충청남도,보령시,웅천읍,5911,2979,2932,5900,2967,2933,-11,-12,1
4418031000,2023-05-31,충청남도,보령시,주포면,1602,850,752,1602,848,754,0,-2,2
4418032000,2023-05-31,충청남도,보령시,오천면,2071,1105,966,2061,1099,962,-10,-6,-4
4418032500,2023-05-31,충청남도,보령시,오천면어항출장소,1576,850,726,1571,848,723,-5,-2,-3
4418032900,2023-05-31,충청남도,보령시,원산출장소,1051,576,475,1045,571,474,-6,-5,-1
4418033000,2023-05-31,충청남도,보령시,천북면,3344,1745,1599,3347,1742,1605,3,-3,6
4418034000,2023-05-31,충청남도,보령시,청소면,2495,1259,1236,2492,1256,1236,-3,-3,0
4418035000,2023-05-31,충청남도,보령시,청라면,3643,1836,1807,3639,1837,1802,-4,1,-5
4418036000,2023-05-31,충청남도,보령시,남포면,4913,2469,2444,4912,2465,2447,-1,-4,3
4418038000,2023-05-31,충청남도,보령시,주산면,2333,1169,1164,2319,1160,1159,-14,-9,-5
4418039000,2023-05-31,충청남도,보령시,미산면,1676,867,809,1682,869,813,6,2,4
4418040000,2023-05-31,충청남도,보령시,성주면,2031,1014,1017,2026,1015,1011,-5,1,-6
4418041000,2023-05-31,충청남도,보령시,주교면,5041,2631,2410,5032,2621,2411,-9,-10,1
4418051500,2023-05-31,충청남도,보령시,대천1동,13290,6687,6603,13282,6674,6608,-8,-13,5
4418052500,2023-05-31,충청남도,보령시,대천2동,6401,3227,3174,6379,3212,3167,-22,-15,-7
4418053500,2023-05-31,충청남도,보령시,대천3동,15732,7907,7825,15758,7919,7839,26,12,14
4418054500,2023-05-31,충청남도,보령시,대천4동,17640,8774,8866,17613,8772,8841,-27,-2,-25
4418056500,2023-05-31,충청남도,보령시,대천5동,6014,3086,2928,6006,3081,2925,-8,-5,-3
4420025000,2023-05-31,충청남도,아산시,염치읍,6180,3244,2936,6182,3244,2938,2,0,2
4420025300,2023-05-31,충청남도,아산시,배방읍,85679,44131,41548,85757,44162,41595,78,31,47
4420031000,2023-05-31,충청남도,아산시,송악면,4143,2127,2016,4118,2115,2003,-25,-12,-13
4420033000,2023-05-31,충청남도,아산시,탕정면,36794,19588,17206,36985,19684,17301,191,96,95
4420035000,2023-05-31,충청남도,아산시,음봉면,20173,11004,9169,20189,11010,9179,16,6,10
4420036000,2023-05-31,충청남도,아산시,둔포면,22860,12982,9878,22878,12990,9888,18,8,10
4420037000,2023-05-31,충청남도,아산시,영인면,5404,2865,2539,5398,2859,2539,-6,-6,0
4420038000,2023-05-31,충청남도,아산시,인주면,5956,3370,2586,5955,3370,2585,-1,0,-1
4420039000,2023-05-31,충청남도,아산시,선장면,2959,1536,1423,2956,1540,1416,-3,4,-7
4420040000,2023-05-31,충청남도,아산시,도고면,4384,2269,2115,4370,2260,2110,-14,-9,-5
4420041000,2023-05-31,충청남도,아산시,신창면,18647,9794,8853,18616,9787,8829,-31,-7,-24
4420057000,2023-05-31,충청남도,아산시,온양1동,9140,4799,4341,9099,4780,4319,-41,-19,-22
4420058000,2023-05-31,충청남도,아산시,온양2동,10511,5540,4971,10509,5559,4950,-2,19,-21
4420059000,2023-05-31,충청남도,아산시,온양3동,37712,18882,18830,37714,18896,18818,2,14,-12
4420060000,2023-05-31,충청남도,아산시,온양4동,17624,8942,8682,17603,8936,8667,-21,-6,-15
4420061000,2023-05-31,충청남도,아산시,온양5동,20944,10745,10199,20958,10747,10211,14,2,12
4420062000,2023-05-31,충청남도,아산시,온양6동,27761,13783,13978,27720,13754,13966,-41,-29,-12
4421025000,2023-05-31,충청남도,서산시,대산읍,13169,7707,5462,13174,7722,5452,5,15,-10
4421031000,2023-05-31,충청남도,서산시,인지면,7124,3628,3496,7108,3621,3487,-16,-7,-9
4421032000,2023-05-31,충청남도,서산시,부석면,5204,2667,2537,5188,2660,2528,-16,-7,-9
4421033000,2023-05-31,충청남도,서산시,팔봉면,3267,1679,1588,3250,1666,1584,-17,-13,-4
4421034000,2023-05-31,충청남도,서산시,지곡면,8069,4347,3722,8056,4335,3721,-13,-12,-1
4421036000,2023-05-31,충청남도,서산시,성연면,16102,8440,7662,16154,8475,7679,52,35,17
4421037000,2023-05-31,충청남도,서산시,음암면,9224,4770,4454,9228,4765,4463,4,-5,9
4421038000,2023-05-31,충청남도,서산시,운산면,4951,2533,2418,4956,2538,2418,5,5,0
4421039000,2023-05-31,충청남도,서산시,해미면,7119,3707,3412,7117,3704,3413,-2,-3,1
4421040000,2023-05-31,충청남도,서산시,고북면,5972,3121,2851,5963,3117,2846,-9,-4,-5
4421051000,2023-05-31,충청남도,서산시,부춘동,18495,9669,8826,18449,9653,8796,-46,-16,-30
4421052500,2023-05-31,충청남도,서산시,동문1동,17954,9346,8608,17914,9325,8589,-40,-21,-19
4421053500,2023-05-31,충청남도,서산시,동문2동,8395,4258,4137,8375,4242,4133,-20,-16,-4
4421054000,2023-05-31,충청남도,서산시,수석동,16066,8191,7875,16076,8206,7870,10,15,-5
4421055000,2023-05-31,충청남도,서산시,석남동,34999,17919,17080,35077,17957,17120,78,38,40
4423025000,2023-05-31,충청남도,논산시,강경읍,7617,3716,3901,7607,3711,3896,-10,-5,-5
4423025300,2023-05-31,충청남도,논산시,연무읍,12970,6528,6442,12975,6530,6445,5,2,3
4423031000,2023-05-31,충청남도,논산시,성동면,3886,1955,1931,3862,1941,1921,-24,-14,-10
4423032000,2023-05-31,충청남도,논산시,광석면,4023,2032,1991,4018,2028,1990,-5,-4,-1
4423033000,2023-05-31,충청남도,논산시,노성면,2801,1409,1392,2794,1410,1384,-7,1,-8
4423034000,2023-05-31,충청남도,논산시,상월면,3415,1717,1698,3417,1714,1703,2,-3,5
4423035000,2023-05-31,충청남도,논산시,부적면,3409,1736,1673,3406,1734,1672,-3,-2,-1
4423036000,2023-05-31,충청남도,논산시,연산면,5896,3048,2848,5897,3042,2855,1,-6,7
4423038000,2023-05-31,충청남도,논산시,벌곡면,2426,1248,1178,2423,1243,1180,-3,-5,2
4423039000,2023-05-31,충청남도,논산시,양촌면,5939,3007,2932,5917,3000,2917,-22,-7,-15
4423040000,2023-05-31,충청남도,논산시,가야곡면,3251,1660,1591,3256,1663,1593,5,3,2
4423041000,2023-05-31,충청남도,논산시,은진면,3885,2069,1816,3881,2069,1812,-4,0,-4
4423042000,2023-05-31,충청남도,논산시,채운면,2100,1016,1084,2098,1016,1082,-2,0,-2
4423051000,2023-05-31,충청남도,논산시,취암동,34839,17365,17474,34845,17389,17456,6,24,-18
4423052000,2023-05-31,충청남도,논산시,부창동,15365,7372,7993,15321,7355,7966,-44,-17,-27
4425031000,2023-05-31,충청남도,계룡시,두마면,11511,5653,5858,11887,5852,6035,376,199,177
4425031500,2023-05-31,충청남도,계룡시,엄사면,17464,8541,8923,17337,8478,8859,-127,-63,-64
4425033000,2023-05-31,충청남도,계룡시,신도안면,8026,4147,3879,8053,4167,3886,27,20,7
4425051000,2023-05-31,충청남도,계룡시,금암동,8255,4169,4086,8246,4167,4079,-9,-2,-7
4427025000,2023-05-31,충청남도,당진시,합덕읍,8311,4390,3921,8288,4387,3901,-23,-3,-20
4427025300,2023-05-31,충청남도,당진시,송악읍,30218,16835,13383,30166,16807,13359,-52,-28,-24
4427031000,2023-05-31,충청남도,당진시,고대면,5266,2735,2531,5254,2731,2523,-12,-4,-8
4427032000,2023-05-31,충청남도,당진시,석문면,9000,5295,3705,8980,5284,3696,-20,-11,-9
4427033000,2023-05-31,충청남도,당진시,대호지면,2319,1184,1135,2311,1182,1129,-8,-2,-6
4427034000,2023-05-31,충청남도,당진시,정미면,3557,1830,1727,3557,1838,1719,0,8,-8
4427035000,2023-05-31,충청남도,당진시,면천면,3451,1762,1689,3450,1763,1687,-1,1,-2
4427036000,2023-05-31,충청남도,당진시,순성면,4903,2494,2409,4894,2493,2401,-9,-1,-8
4427037000,2023-05-31,충청남도,당진시,우강면,5481,2747,2734,5459,2738,2721,-22,-9,-13
4427038000,2023-05-31,충청남도,당진시,신평면,14980,7672,7308,14951,7653,7298,-29,-19,-10
4427039000,2023-05-31,충청남도,당진시,송산면,11850,6887,4963,11892,6929,4963,42,42,0
4427051000,2023-05-31,충청남도,당진시,당진1동,29809,15853,13956,30290,16111,14179,481,258,223
4427052000,2023-05-31,충청남도,당진시,당진2동,22602,11566,11036,22565,11540,11025,-37,-26,-11
4427053000,2023-05-31,충청남도,당진시,당진3동,17099,8776,8323,17014,8736,8278,-85,-40,-45
4471025000,2023-05-31,충청남도,금산군,금산읍,22692,11119,11573,22705,11116,11589,13,-3,16
4471031000,2023-05-31,충청남도,금산군,금성면,3166,1631,1535,3165,1629,1536,-1,-2,1
4471032000,2023-05-31,충청남도,금산군,제원면,2749,1445,1304,2740,1437,1303,-9,-8,-1
4471033000,2023-05-31,충청남도,금산군,부리면,2439,1223,1216,2437,1225,1212,-2,2,-4
4471034000,2023-05-31,충청남도,금산군,군북면,2423,1241,1182,2424,1239,1185,1,-2,3
4471035000,2023-05-31,충청남도,금산군,남일면,2824,1442,1382,2818,1443,1375,-6,1,-7
4471036000,2023-05-31,충청남도,금산군,남이면,2041,1043,998,2040,1046,994,-1,3,-4
4471037000,2023-05-31,충청남도,금산군,진산면,3161,1598,1563,3164,1599,1565,3,1,2
4471038000,2023-05-31,충청남도,금산군,복수면,2946,1536,1410,2929,1527,1402,-17,-9,-8
4471039000,2023-05-31,충청남도,금산군,추부면,5892,3125,2767,5892,3128,2764,0,3,-3
4476025000,2023-05-31,충청남도,부여군,부여읍,18842,9333,9509,18813,9319,9494,-29,-14,-15
4476031000,2023-05-31,충청남도,부여군,규암면,11752,5773,5979,11736,5762,5974,-16,-11,-5
4476032000,2023-05-31,충청남도,부여군,은산면,3590,1823,1767,3583,1816,1767,-7,-7,0
4476033000,2023-05-31,충청남도,부여군,외산면,2252,1113,1139,2251,1114,1137,-1,1,-2
4476034000,2023-05-31,충청남도,부여군,내산면,1497,754,743,1500,755,745,3,1,2
4476035000,2023-05-31,충청남도,부여군,구룡면,2249,1113,1136,2254,1118,1136,5,5,0
4476036000,2023-05-31,충청남도,부여군,홍산면,2740,1332,1408,2734,1327,1407,-6,-5,-1
4476037000,2023-05-31,충청남도,부여군,옥산면,1384,673,711,1376,668,708,-8,-5,-3
4476038000,2023-05-31,충청남도,부여군,남면,1758,857,901,1753,855,898,-5,-2,-3
4476039000,2023-05-31,충청남도,부여군,충화면,1092,564,528,1092,565,527,0,1,-1
4476040000,2023-05-31,충청남도,부여군,양화면,1631,770,861,1627,769,858,-4,-1,-3
4476041000,2023-05-31,충청남도,부여군,임천면,2728,1354,1374,2732,1357,1375,4,3,1
4476042000,2023-05-31,충청남도,부여군,장암면,2608,1331,1277,2598,1327,1271,-10,-4,-6
4476043000,2023-05-31,충청남도,부여군,세도면,2991,1521,1470,2980,1513,1467,-11,-8,-3
4476044000,2023-05-31,충청남도,부여군,석성면,2734,1434,1300,2721,1432,1289,-13,-2,-11
4476045000,2023-05-31,충청남도,부여군,초촌면,2055,1044,1011,2050,1038,1012,-5,-6,1
4477025000,2023-05-31,충청남도,서천군,장항읍,11070,5560,5510,11027,5539,5488,-43,-21,-22
4477025300,2023-05-31,충청남도,서천군,서천읍,13011,6337,6674,12982,6323,6659,-29,-14,-15
4477031000,2023-05-31,충청남도,서천군,마서면,4669,2308,2361,4657,2301,2356,-12,-7,-5
4477032000,2023-05-31,충청남도,서천군,화양면,2172,1068,1104,2170,1068,1102,-2,0,-2
4477033000,2023-05-31,충청남도,서천군,기산면,1541,763,778,1544,766,778,3,3,0
4477034000,2023-05-31,충청남도,서천군,한산면,2405,1131,1274,2405,1133,1272,0,2,-2
4477035000,2023-05-31,충청남도,서천군,마산면,1433,681,752,1430,680,750,-3,-1,-2
4477036000,2023-05-31,충청남도,서천군,시초면,1212,590,622,1213,592,621,1,2,-1
4477037000,2023-05-31,충청남도,서천군,문산면,1204,609,595,1214,613,601,10,4,6
4477038000,2023-05-31,충청남도,서천군,판교면,2008,987,1021,2001,982,1019,-7,-5,-2
4477039000,2023-05-31,충청남도,서천군,종천면,1996,959,1037,2000,964,1036,4,5,-1
4477040000,2023-05-31,충청남도,서천군,비인면,2863,1444,1419,2851,1432,1419,-12,-12,0
4477041000,2023-05-31,충청남도,서천군,서면,4146,2134,2012,4126,2125,2001,-20,-9,-11
4479025000,2023-05-31,충청남도,청양군,청양읍,10130,5172,4958,10143,5172,4971,13,0,13
4479031000,2023-05-31,충청남도,청양군,운곡면,2091,1050,1041,2097,1057,1040,6,7,-1
4479032000,2023-05-31,충청남도,청양군,대치면,2240,1171,1069,2242,1174,1068,2,3,-1
4479033000,2023-05-31,충청남도,청양군,정산면,3458,1793,1665,3455,1791,1664,-3,-2,-1
4479034000,2023-05-31,충청남도,청양군,목면,1477,780,697,1469,774,695,-8,-6,-2
4479035000,2023-05-31,충청남도,청양군,청남면,1825,944,881,1826,946,880,1,2,-1
4479036000,2023-05-31,충청남도,청양군,장평면,2236,1141,1095,2226,1136,1090,-10,-5,-5
4479037000,2023-05-31,충청남도,청양군,남양면,2614,1296,1318,2604,1300,1304,-10,4,-14
4479038000,2023-05-31,충청남도,청양군,화성면,2118,1061,1057,2119,1068,1051,1,7,-6
4479039000,2023-05-31,충청남도,청양군,비봉면,2099,1040,1059,2090,1034,1056,-9,-6,-3
4480025000,2023-05-31,충청남도,홍성군,홍성읍,36136,17939,18197,36132,17950,18182,-4,11,-15
4480025300,2023-05-31,충청남도,홍성군,광천읍,7954,3903,4051,7944,3898,4046,-10,-5,-5
4480025600,2023-05-31,충청남도,홍성군,홍북읍,29059,14580,14479,29054,14586,14468,-5,6,-11
4480032000,2023-05-31,충청남도,홍성군,금마면,3423,1740,1683,3427,1748,1679,4,8,-4
4480033000,2023-05-31,충청남도,홍성군,홍동면,3406,1706,1700,3409,1706,1703,3,0,3
4480034000,2023-05-31,충청남도,홍성군,장곡면,2805,1344,1461,2816,1350,1466,11,6,5
4480035000,2023-05-31,충청남도,홍성군,은하면,2190,1125,1065,2187,1126,1061,-3,1,-4
4480036000,2023-05-31,충청남도,홍성군,결성면,2035,1004,1031,2016,991,1025,-19,-13,-6
4480037000,2023-05-31,충청남도,홍성군,서부면,3099,1518,1581,3102,1517,1585,3,-1,4
4480038000,2023-05-31,충청남도,홍성군,갈산면,3429,1744,1685,3441,1750,1691,12,6,6
4480039000,2023-05-31,충청남도,홍성군,구항면,3425,1728,1697,3424,1723,1701,-1,-5,4
4481025000,2023-05-31,충청남도,예산군,예산읍,31459,15595,15864,31369,15544,15825,-90,-51,-39
4481025300,2023-05-31,충청남도,예산군,삽교읍,14263,7101,7162,14478,7202,7276,215,101,114
4481031000,2023-05-31,충청남도,예산군,대술면,2331,1186,1145,2335,1191,1144,4,5,-1
4481032000,2023-05-31,충청남도,예산군,신양면,2942,1496,1446,2930,1491,1439,-12,-5,-7
4481033000,2023-05-31,충청남도,예산군,광시면,3024,1505,1519,3013,1499,1514,-11,-6,-5
4481034000,2023-05-31,충청남도,예산군,대흥면,1689,868,821,1679,860,819,-10,-8,-2
4481035000,2023-05-31,충청남도,예산군,응봉면,2417,1255,1162,2427,1258,1169,10,3,7
4481036000,2023-05-31,충청남도,예산군,덕산면,6459,3191,3268,6469,3193,3276,10,2,8
4481037000,2023-05-31,충청남도,예산군,봉산면,2436,1236,1200,2430,1227,1203,-6,-9,3
4481038000,2023-05-31,충청남도,예산군,고덕면,4291,2203,2088,4277,2196,2081,-14,-7,-7
4481039000,2023-05-31,충청남도,예산군,신암면,3345,1713,1632,3339,1712,1627,-6,-1,-5
4481040000,2023-05-31,충청남도,예산군,오가면,4033,2110,1923,4022,2100,1922,-11,-10,-1
4482525000,2023-05-31,충청남도,태안군,태안읍,29038,14704,14334,28994,14692,14302,-44,-12,-32
4482525300,2023-05-31,충청남도,태안군,안면읍,8241,4096,4145,8285,4128,4157,44,32,12
4482531000,2023-05-31,충청남도,태안군,고남면,2295,1101,1194,2292,1101,1191,-3,0,-3
4482532000,2023-05-31,충청남도,태안군,남면,4261,2209,2052,4280,2222,2058,19,13,6
4482533000,2023-05-31,충청남도,태안군,근흥면,5331,2738,2593,5355,2759,2596,24,21,3
4482534000,2023-05-31,충청남도,태안군,소원면,5277,2614,2663,5301,2622,2679,24,8,16
4482535000,2023-05-31,충청남도,태안군,원북면,4375,2265,2110,4373,2262,2111,-2,-3,1
4482536000,2023-05-31,충청남도,태안군,이원면,2211,1129,1082,2215,1129,1086,4,0,4
4511151000,2023-05-31,전라북도,전주시 완산구,중앙동,9815,4898,4917,9813,4894,4919,-2,-4,2
4511153000,2023-05-31,전라북도,전주시 완산구,풍남동,3820,1910,1910,3819,1908,1911,-1,-2,1
4511160500,2023-05-31,전라북도,전주시 완산구,노송동,10840,5277,5563,10823,5265,5558,-17,-12,-5
4511163500,2023-05-31,전라북도,전주시 완산구,완산동,5148,2519,2629,5139,2520,2619,-9,1,-10
4511165000,2023-05-31,전라북도,전주시 완산구,동서학동,6052,2975,3077,6042,2965,3077,-10,-10,0
4511166000,2023-05-31,전라북도,전주시 완산구,서서학동,8260,4020,4240,8240,4002,4238,-20,-18,-2
4511167100,2023-05-31,전라북도,전주시 완산구,중화산1동,13803,6610,7193,13785,6590,7195,-18,-20,2
4511167200,2023-05-31,전라북도,전주시 완산구,중화산2동,19267,9631,9636,19232,9638,9594,-35,7,-42
4511168000,2023-05-31,전라북도,전주시 완산구,서신동,39974,19449,20525,39892,19388,20504,-82,-61,-21
4511169100,2023-05-31,전라북도,전주시 완산구,평화1동,12299,5943,6356,12257,5914,6343,-42,-29,-13
4511169200,2023-05-31,전라북도,전주시 완산구,평화2동,44242,21236,23006,44172,21204,22968,-70,-32,-38
4511170100,2023-05-31,전라북도,전주시 완산구,삼천1동,11383,5513,5870,11572,5615,5957,189,102,87
4511170200,2023-05-31,전라북도,전주시 완산구,삼천2동,12915,6184,6731,12857,6156,6701,-58,-28,-30
4511170300,2023-05-31,전라북도,전주시 완산구,삼천3동,21116,10168,10948,21051,10132,10919,-65,-36,-29
4511171100,2023-05-31,전라북도,전주시 완산구,효자1동,13035,6248,6787,13045,6261,6784,10,13,-3
4511171200,2023-05-31,전라북도,전주시 완산구,효자2동,9463,4524,4939,9447,4502,4945,-16,-22,6
4511171300,2023-05-31,전라북도,전주시 완산구,효자3동,14241,6678,7563,14173,6651,7522,-68,-27,-41
4511171400,2023-05-31,전라북도,전주시 완산구,효자4동,38618,18811,19807,38555,18788,19767,-63,-23,-40
4511173000,2023-05-31,전라북도,전주시 완산구,효자5동,36340,18175,18165,36317,18144,18173,-23,-31,8
4511352500,2023-05-31,전라북도,전주시 덕진구,진북동,13324,6475,6849,13261,6443,6818,-63,-32,-31
4511354000,2023-05-31,전라북도,전주시 덕진구,인후1동,17664,8468,9196,17622,8456,9166,-42,-12,-30
4511355000,2023-05-31,전라북도,전주시 덕진구,인후2동,10716,5313,5403,10662,5286,5376,-54,-27,-27
4511356000,2023-05-31,전라북도,전주시 덕진구,인후3동,30960,15266,15694,30831,15202,15629,-129,-64,-65
4511357000,2023-05-31,전라북도,전주시 덕진구,덕진동,20548,10421,10127,20567,10420,10147,19,-1,20
4511358000,2023-05-31,전라북도,전주시 덕진구,금암1동,7786,4237,3549,7827,4260,3567,41,23,18
4511359000,2023-05-31,전라북도,전주시 덕진구,금암2동,9483,4598,4885,9476,4598,4878,-7,0,-7
4511360000,2023-05-31,전라북도,전주시 덕진구,팔복동,7651,4165,3486,7631,4154,3477,-20,-11,-9
4511361100,2023-05-31,전라북도,전주시 덕진구,우아1동,12363,6156,6207,12354,6139,6215,-9,-17,8
4511361200,2023-05-31,전라북도,전주시 덕진구,우아2동,14090,7357,6733,14086,7361,6725,-4,4,-8
4511362000,2023-05-31,전라북도,전주시 덕진구,호성동,19111,9066,10045,19028,9029,9999,-83,-37,-46
4511364100,2023-05-31,전라북도,전주시 덕진구,송천1동,63399,31357,32042,63708,31521,32187,309,164,145
4511364200,2023-05-31,전라북도,전주시 덕진구,송천2동,25416,12378,13038,25297,12328,12969,-119,-50,-69
4511365000,2023-05-31,전라북도,전주시 덕진구,조촌동,12273,6296,5977,12236,6275,5961,-37,-21,-16
4511366500,2023-05-31,전라북도,전주시 덕진구,여의동,31863,15995,15868,31856,15992,15864,-7,-3,-4
4511367000,2023-05-31,전라북도,전주시 덕진구,혁신동,20028,9737,10291,20055,9757,10298,27,20,7
4513025000,2023-05-31,전라북도,군산시,옥구읍,2994,1526,1468,2986,1526,1460,-8,0,-8
4513031000,2023-05-31,전라북도,군산시,옥산면,4573,2319,2254,4579,2323,2256,6,4,2
4513032000,2023-05-31,전라북도,군산시,회현면,3303,1698,1605,3283,1688,1595,-20,-10,-10
4513033000,2023-05-31,전라북도,군산시,임피면,2502,1277,1225,2511,1289,1222,9,12,-3
4513034000,2023-05-31,전라북도,군산시,서수면,2422,1213,1209,2422,1215,1207,0,2,-2
4513035000,2023-05-31,전라북도,군산시,대야면,4762,2381,2381,4752,2369,2383,-10,-12,2
4513036000,2023-05-31,전라북도,군산시,개정면,2887,1453,1434,2899,1458,1441,12,5,7
4513037000,2023-05-31,전라북도,군산시,성산면,2723,1351,1372,2711,1345,1366,-12,-6,-6
4513038000,2023-05-31,전라북도,군산시,나포면,2108,1090,1018,2106,1091,1015,-2,1,-3
4513039000,2023-05-31,전라북도,군산시,옥도면,3073,1736,1337,3078,1735,1343,5,-1,6
4513040000,2023-05-31,전라북도,군산시,옥서면,2824,1451,1373,2807,1444,1363,-17,-7,-10
4513051500,2023-05-31,전라북도,군산시,해신동,2152,1041,1111,2164,1048,1116,12,7,5
4513053000,2023-05-31,전라북도,군산시,월명동,4962,2488,2474,4954,2483,2471,-8,-5,-3
4513055000,2023-05-31,전라북도,군산시,신풍동,6571,3272,3299,6533,3253,3280,-38,-19,-19
4513056000,2023-05-31,전라북도,군산시,삼학동,5335,2568,2767,5322,2561,2761,-13,-7,-6
4513060500,2023-05-31,전라북도,군산시,중앙동,4222,2116,2106,4228,2114,2114,6,-2,8
4513064000,2023-05-31,전라북도,군산시,흥남동,12134,6099,6035,12092,6071,6021,-42,-28,-14
4513065000,2023-05-31,전라북도,군산시,조촌동,24810,12521,12289,24795,12515,12280,-15,-6,-9
4513066000,2023-05-31,전라북도,군산시,경암동,7200,3613,3587,7170,3586,3584,-30,-27,-3
4513067000,2023-05-31,전라북도,군산시,구암동,8536,4275,4261,8587,4300,4287,51,25,26
4513068000,2023-05-31,전라북도,군산시,개정동,2646,1330,1316,2643,1323,1320,-3,-7,4
4513069000,2023-05-31,전라북도,군산시,수송동,53768,26820,26948,53733,26806,26927,-35,-14,-21
4513070100,2023-05-31,전라북도,군산시,나운1동,13478,6769,6709,13484,6768,6716,6,-1,7
4513070200,2023-05-31,전라북도,군산시,나운2동,22306,10734,11572,22287,10721,11566,-19,-13,-6
4513070300,2023-05-31,전라북도,군산시,나운3동,30877,15467,15410,30840,15429,15411,-37,-38,1
4513071000,2023-05-31,전라북도,군산시,소룡동,17253,9630,7623,17270,9648,7622,17,18,-1
4513072000,2023-05-31,전라북도,군산시,미성동,10964,6158,4806,10895,6131,4764,-69,-27,-42
4514025000,2023-05-31,전라북도,익산시,함열읍,6499,3183,3316,6485,3174,3311,-14,-9,-5
4514031000,2023-05-31,전라북도,익산시,오산면,7403,3637,3766,7365,3625,3740,-38,-12,-26
4514032000,2023-05-31,전라북도,익산시,황등면,6684,3384,3300,6672,3383,3289,-12,-1,-11
4514033000,2023-05-31,전라북도,익산시,함라면,2170,1080,1090,2155,1072,1083,-15,-8,-7
4514034000,2023-05-31,전라북도,익산시,웅포면,1509,769,740,1502,770,732,-7,1,-8
4514035000,2023-05-31,전라북도,익산시,성당면,1830,926,904,1815,919,896,-15,-7,-8
4514036000,2023-05-31,전라북도,익산시,용안면,2536,1281,1255,2536,1280,1256,0,-1,1
4514037000,2023-05-31,전라북도,익산시,낭산면,2893,1522,1371,2894,1526,1368,1,4,-3
4514038000,2023-05-31,전라북도,익산시,망성면,2851,1423,1428,2842,1417,1425,-9,-6,-3
4514039000,2023-05-31,전라북도,익산시,여산면,3154,1594,1560,3144,1591,1553,-10,-3,-7
4514040000,2023-05-31,전라북도,익산시,금마면,5114,2670,2444,5114,2671,2443,0,1,-1
4514041000,2023-05-31,전라북도,익산시,왕궁면,4083,2109,1974,4077,2102,1975,-6,-7,1
4514042000,2023-05-31,전라북도,익산시,춘포면,4302,2195,2107,4310,2198,2112,8,3,5
4514043000,2023-05-31,전라북도,익산시,삼기면,2526,1300,1226,2525,1295,1230,-1,-5,4
4514044000,2023-05-31,전라북도,익산시,용동면,1458,725,733,1460,725,735,2,0,2
4514052000,2023-05-31,전라북도,익산시,중앙동,3118,1654,1464,3111,1649,1462,-7,-5,-2
4514053000,2023-05-31,전라북도,익산시,평화동,4455,2351,2104,4447,2351,2096,-8,0,-8
4514056000,2023-05-31,전라북도,익산시,인화동,6562,3377,3185,6514,3350,3164,-48,-27,-21
4514057000,2023-05-31,전라북도,익산시,동산동,21567,10568,10999,21570,10554,11016,3,-14,17
4514058000,2023-05-31,전라북도,익산시,마동,9441,4803,4638,9445,4812,4633,4,9,-5
4514059500,2023-05-31,전라북도,익산시,남중동,10795,5517,5278,10800,5530,5270,5,13,-8
4514061000,2023-05-31,전라북도,익산시,모현동,38420,18665,19755,38393,18645,19748,-27,-20,-7
4514062000,2023-05-31,전라북도,익산시,송학동,9034,4466,4568,9066,4482,4584,32,16,16
4514064600,2023-05-31,전라북도,익산시,영등1동,22124,10883,11241,22098,10861,11237,-26,-22,-4
4514064700,2023-05-31,전라북도,익산시,영등2동,13569,6635,6934,13518,6607,6911,-51,-28,-23
4514065200,2023-05-31,전라북도,익산시,어양동,23806,11615,12191,23818,11625,12193,12,10,2
4514065600,2023-05-31,전라북도,익산시,신동,15567,7917,7650,15598,7947,7651,31,30,1
4514067000,2023-05-31,전라북도,익산시,팔봉동,6707,3472,3235,6737,3486,3251,30,14,16
4514069000,2023-05-31,전라북도,익산시,삼성동,32143,15889,16254,32058,15825,16233,-85,-64,-21
4518025000,2023-05-31,전라북도,정읍시,신태인읍,5229,2559,2670,5207,2549,2658,-22,-10,-12
4518031000,2023-05-31,전라북도,정읍시,북면,4085,2073,2012,4074,2064,2010,-11,-9,-2
4518032000,2023-05-31,전라북도,정읍시,입암면,2703,1340,1363,2690,1335,1355,-13,-5,-8
4518033000,2023-05-31,전라북도,정읍시,소성면,2027,1042,985,2026,1041,985,-1,-1,0
4518034000,2023-05-31,전라북도,정읍시,고부면,2701,1341,1360,2699,1345,1354,-2,4,-6
4518035000,2023-05-31,전라북도,정읍시,영원면,1683,830,853,1679,828,851,-4,-2,-2
4518036000,2023-05-31,전라북도,정읍시,덕천면,1739,896,843,1732,893,839,-7,-3,-4
4518037000,2023-05-31,전라북도,정읍시,이평면,1991,980,1011,1977,972,1005,-14,-8,-6
4518038000,2023-05-31,전라북도,정읍시,정우면,2450,1244,1206,2448,1244,1204,-2,0,-2
4518039000,2023-05-31,전라북도,정읍시,태인면,3300,1653,1647,3296,1648,1648,-4,-5,1
4518040000,2023-05-31,전라북도,정읍시,감곡면,2694,1375,1319,2692,1375,1317,-2,0,-2
4518041000,2023-05-31,전라북도,정읍시,옹동면,1623,834,789,1620,832,788,-3,-2,-1
4518042000,2023-05-31,전라북도,정읍시,칠보면,2201,1135,1066,2202,1134,1068,1,-1,2
4518043000,2023-05-31,전라북도,정읍시,산내면,1191,608,583,1191,608,583,0,0,0
4518044000,2023-05-31,전라북도,정읍시,산외면,2009,1026,983,1997,1022,975,-12,-4,-8
4518051000,2023-05-31,전라북도,정읍시,수성동,16704,8466,8238,16700,8463,8237,-4,-3,-1
4518052000,2023-05-31,전라북도,정읍시,장명동,2808,1388,1420,2808,1384,1424,0,-4,4
4518053500,2023-05-31,전라북도,정읍시,내장상동,20090,9703,10387,20070,9690,10380,-20,-13,-7
4518054500,2023-05-31,전라북도,정읍시,시기동,3128,1491,1637,3120,1486,1634,-8,-5,-3
4518056500,2023-05-31,전라북도,정읍시,초산동,10095,5004,5091,10110,5015,5095,15,11,4
4518057000,2023-05-31,전라북도,정읍시,연지동,5878,2903,2975,5874,2904,2970,-4,1,-5
4518058000,2023-05-31,전라북도,정읍시,농소동,3858,1872,1986,3862,1869,1993,4,-3,7
4518059500,2023-05-31,전라북도,정읍시,상교동,4271,2223,2048,4276,2223,2053,5,0,5
4519025000,2023-05-31,전라북도,남원시,운봉읍,3728,1799,1929,3716,1795,1921,-12,-4,-8
4519031000,2023-05-31,전라북도,남원시,주천면,2549,1290,1259,2533,1283,1250,-16,-7,-9
4519032000,2023-05-31,전라북도,남원시,수지면,1068,534,534,1072,536,536,4,2,2
4519033000,2023-05-31,전라북도,남원시,송동면,1913,955,958,1910,957,953,-3,2,-5
4519034000,2023-05-31,전라북도,남원시,주생면,1781,876,905,1778,875,903,-3,-1,-2
4519035000,2023-05-31,전라북도,남원시,금지면,2198,1051,1147,2197,1049,1148,-1,-2,1
4519036000,2023-05-31,전라북도,남원시,대강면,1517,725,792,1516,728,788,-1,3,-4
4519037000,2023-05-31,전라북도,남원시,대산면,1608,823,785,1600,817,783,-8,-6,-2
4519038000,2023-05-31,전라북도,남원시,사매면,1457,755,702,1470,760,710,13,5,8
4519039000,2023-05-31,전라북도,남원시,덕과면,928,478,450,920,472,448,-8,-6,-2
4519040000,2023-05-31,전라북도,남원시,보절면,1388,709,679,1380,708,672,-8,-1,-7
4519041000,2023-05-31,전라북도,남원시,산동면,1719,871,848,1708,866,842,-11,-5,-6
4519042000,2023-05-31,전라북도,남원시,이백면,2197,1082,1115,2190,1079,1111,-7,-3,-4
4519045000,2023-05-31,전라북도,남원시,아영면,1846,917,929,1847,920,927,1,3,-2
4519046000,2023-05-31,전라북도,남원시,산내면,2066,1007,1059,2055,1004,1051,-11,-3,-8
4519047000,2023-05-31,전라북도,남원시,인월면,2737,1341,1396,2740,1340,1400,3,-1,4
4519051000,2023-05-31,전라북도,남원시,동충동,3180,1512,1668,3168,1511,1657,-12,-1,-11
4519052000,2023-05-31,전라북도,남원시,죽항동,3090,1466,1624,3090,1469,1621,0,3,-3
4519054000,2023-05-31,전라북도,남원시,노암동,5936,2859,3077,5928,2865,3063,-8,6,-14
4519055000,2023-05-31,전라북도,남원시,금동,6269,2998,3271,6278,2997,3281,9,-1,10
4519056000,2023-05-31,전라북도,남원시,왕정동,4851,2372,2479,4880,2376,2504,29,4,25
4519057000,2023-05-31,전라북도,남원시,향교동,6727,3391,3336,6736,3400,3336,9,9,0
4519059000,2023-05-31,전라북도,남원시,도통동,16750,8183,8567,16703,8149,8554,-47,-34,-13
4521025000,2023-05-31,전라북도,김제시,만경읍,2634,1331,1303,2617,1323,1294,-17,-8,-9
4521032000,2023-05-31,전라북도,김제시,죽산면,2403,1176,1227,2408,1181,1227,5,5,0
4521033000,2023-05-31,전라북도,김제시,백산면,3005,1576,1429,3037,1589,1448,32,13,19
4521034000,2023-05-31,전라북도,김제시,용지면,3423,1757,1666,3417,1753,1664,-6,-4,-2
4521035000,2023-05-31,전라북도,김제시,백구면,3706,1833,1873,3712,1837,1875,6,4,2
4521036000,2023-05-31,전라북도,김제시,부량면,1290,619,671,1287,622,665,-3,3,-6
4521038000,2023-05-31,전라북도,김제시,공덕면,2468,1276,1192,2470,1277,1193,2,1,1
4521039000,2023-05-31,전라북도,김제시,청하면,1698,854,844,1699,853,846,1,-1,2
4521040000,2023-05-31,전라북도,김제시,성덕면,1720,867,853,1713,868,845,-7,1,-8
4521041000,2023-05-31,전라북도,김제시,진봉면,2511,1208,1303,2503,1207,1296,-8,-1,-7
4521042000,2023-05-31,전라북도,김제시,금구면,4954,2517,2437,4955,2514,2441,1,-3,4
4521043000,2023-05-31,전라북도,김제시,봉남면,2171,1067,1104,2172,1068,1104,1,1,0
4521044000,2023-05-31,전라북도,김제시,황산면,1908,985,923,1901,980,921,-7,-5,-2
4521045000,2023-05-31,전라북도,김제시,금산면,4562,2301,2261,4546,2291,2255,-16,-10,-6
4521046000,2023-05-31,전라북도,김제시,광활면,1301,661,640,1303,664,639,2,3,-1
4521051000,2023-05-31,전라북도,김제시,요촌동,10843,5374,5469,10837,5379,5458,-6,5,-11
4521052000,2023-05-31,전라북도,김제시,신풍동,12913,6278,6635,12928,6286,6642,15,8,7
4521054000,2023-05-31,전라북도,김제시,검산동,12046,5933,6113,12052,5923,6129,6,-10,16
4521058000,2023-05-31,전라북도,김제시,교월동,6330,3143,3187,6326,3139,3187,-4,-4,0
4571025000,2023-05-31,전라북도,완주군,삼례읍,19484,10086,9398,19613,10164,9449,129,78,51
4571025300,2023-05-31,전라북도,완주군,봉동읍,24871,12901,11970,24818,12874,11944,-53,-27,-26
4571025600,2023-05-31,전라북도,완주군,용진읍,7907,4052,3855,8184,4189,3995,277,137,140
4571032000,2023-05-31,전라북도,완주군,상관면,4127,2124,2003,4114,2120,1994,-13,-4,-9
4571033000,2023-05-31,전라북도,완주군,이서면,14177,7122,7055,14286,7180,7106,109,58,51
4571034000,2023-05-31,전라북도,완주군,소양면,5798,2985,2813,5807,2984,2823,9,-1,10
4571035000,2023-05-31,전라북도,완주군,구이면,5607,2843,2764,5623,2854,2769,16,11,5
4571036000,2023-05-31,전라북도,완주군,고산면,4430,2300,2130,4409,2291,2118,-21,-9,-12
4571037000,2023-05-31,전라북도,완주군,비봉면,1831,951,880,1813,943,870,-18,-8,-10
4571038000,2023-05-31,전라북도,완주군,운주면,1910,972,938,1910,970,940,0,-2,2
4571039000,2023-05-31,전라북도,완주군,화산면,2573,1352,1221,2561,1352,1209,-12,0,-12
4571040000,2023-05-31,전라북도,완주군,동상면,1084,554,530,1074,550,524,-10,-4,-6
4571041000,2023-05-31,전라북도,완주군,경천면,977,498,479,974,494,480,-3,-4,1
4572025000,2023-05-31,전라북도,진안군,진안읍,9791,4964,4827,9777,4955,4822,-14,-9,-5
4572031000,2023-05-31,전라북도,진안군,용담면,840,412,428,839,412,427,-1,0,-1
4572032000,2023-05-31,전라북도,진안군,안천면,1052,508,544,1056,509,547,4,1,3
4572033000,2023-05-31,전라북도,진안군,동향면,1345,652,693,1344,653,691,-1,1,-2
4572034000,2023-05-31,전라북도,진안군,상전면,818,415,403,823,416,407,5,1,4
4572035000,2023-05-31,전라북도,진안군,백운면,1937,1034,903,1940,1034,906,3,0,3
4572036000,2023-05-31,전라북도,진안군,성수면,1719,881,838,1717,884,833,-2,3,-5
4572037000,2023-05-31,전라북도,진안군,마령면,1757,911,846,1753,909,844,-4,-2,-2
4572038000,2023-05-31,전라북도,진안군,부귀면,2868,1488,1380,2866,1487,1379,-2,-1,-1
4572039000,2023-05-31,전라북도,진안군,정천면,1065,566,499,1063,567,496,-2,1,-3
4572040000,2023-05-31,전라북도,진안군,주천면,1472,753,719,1472,756,716,0,3,-3
4573025000,2023-05-31,전라북도,무주군,무주읍,9324,4675,4649,9311,4662,4649,-13,-13,0
4573031000,2023-05-31,전라북도,무주군,무풍면,2126,1077,1049,2124,1075,1049,-2,-2,0
4573032000,2023-05-31,전라북도,무주군,설천면,3911,1971,1940,3897,1967,1930,-14,-4,-10
4573033000,2023-05-31,전라북도,무주군,적상면,2551,1261,1290,2562,1267,1295,11,6,5
4573034000,2023-05-31,전라북도,무주군,안성면,4126,2041,2085,4120,2042,2078,-6,1,-7
4573035000,2023-05-31,전라북도,무주군,부남면,1378,689,689,1375,693,682,-3,4,-7
4574025000,2023-05-31,전라북도,장수군,장수읍,7048,3502,3546,7042,3499,3543,-6,-3,-3
4574031000,2023-05-31,전라북도,장수군,산서면,2009,1011,998,2006,1010,996,-3,-1,-2
4574032000,2023-05-31,전라북도,장수군,번암면,2225,1136,1089,2226,1139,1087,1,3,-2
4574033500,2023-05-31,전라북도,장수군,장계면,4231,2157,2074,4229,2159,2070,-2,2,-4
4574034000,2023-05-31,전라북도,장수군,천천면,2035,997,1038,2030,991,1039,-5,-6,1
4574035000,2023-05-31,전라북도,장수군,계남면,2064,1036,1028,2061,1034,1027,-3,-2,-1
4574036000,2023-05-31,전라북도,장수군,계북면,1533,788,745,1533,788,745,0,0,0
4575025000,2023-05-31,전라북도,임실군,임실읍,7222,3676,3546,7219,3679,3540,-3,3,-6
4575031000,2023-05-31,전라북도,임실군,청웅면,1235,622,613,1233,620,613,-2,-2,0
4575032000,2023-05-31,전라북도,임실군,운암면,1589,829,760,1587,828,759,-2,-1,-1
4575033000,2023-05-31,전라북도,임실군,신평면,1423,741,682,1418,739,679,-5,-2,-3
4575034000,2023-05-31,전라북도,임실군,성수면,1597,840,757,1597,842,755,0,2,-2
4575035500,2023-05-31,전라북도,임실군,오수면,3497,1762,1735,3486,1754,1732,-11,-8,-3
4575036000,2023-05-31,전라북도,임실군,신덕면,1311,685,626,1304,681,623,-7,-4,-3
4575037000,2023-05-31,전라북도,임실군,삼계면,1448,749,699,1441,750,691,-7,1,-8
4575038000,2023-05-31,전라북도,임실군,관촌면,3196,1638,1558,3188,1638,1550,-8,0,-8
4575039000,2023-05-31,전라북도,임실군,강진면,1450,768,682,1445,768,677,-5,0,-5
4575040000,2023-05-31,전라북도,임실군,덕치면,1164,602,562,1161,605,556,-3,3,-6
4575041000,2023-05-31,전라북도,임실군,지사면,1203,600,603,1195,596,599,-8,-4,-4
4577025000,2023-05-31,전라북도,순창군,순창읍,10225,4975,5250,10274,5004,5270,49,29,20
4577031000,2023-05-31,전라북도,순창군,인계면,1455,709,746,1451,706,745,-4,-3,-1
4577032000,2023-05-31,전라북도,순창군,동계면,1927,944,983,1930,950,980,3,6,-3
4577033000,2023-05-31,전라북도,순창군,풍산면,1636,817,819,1634,816,818,-2,-1,-1
4577034000,2023-05-31,전라북도,순창군,금과면,1724,872,852,1722,874,848,-2,2,-4
4577035000,2023-05-31,전라북도,순창군,팔덕면,1371,698,673,1371,697,674,0,-1,1
4577036000,2023-05-31,전라북도,순창군,쌍치면,1892,951,941,1892,950,942,0,-1,1
4577037000,2023-05-31,전라북도,순창군,복흥면,2061,988,1073,2066,993,1073,5,5,0
4577038000,2023-05-31,전라북도,순창군,적성면,1229,595,634,1223,592,631,-6,-3,-3
4577039000,2023-05-31,전라북도,순창군,유등면,1049,517,532,1042,513,529,-7,-4,-3
4577040000,2023-05-31,전라북도,순창군,구림면,2254,1103,1151,2250,1101,1149,-4,-2,-2
4579025000,2023-05-31,전라북도,고창군,고창읍,20818,10280,10538,20769,10259,10510,-49,-21,-28
4579031000,2023-05-31,전라북도,고창군,고수면,2150,1103,1047,2152,1105,1047,2,2,0
4579032000,2023-05-31,전라북도,고창군,아산면,2542,1315,1227,2528,1307,1221,-14,-8,-6
4579033000,2023-05-31,전라북도,고창군,무장면,2615,1299,1316,2600,1288,1312,-15,-11,-4
4579034000,2023-05-31,전라북도,고창군,공음면,2376,1168,1208,2368,1163,1205,-8,-5,-3
4579035000,2023-05-31,전라북도,고창군,상하면,2324,1149,1175,2325,1149,1176,1,0,1
4579036000,2023-05-31,전라북도,고창군,해리면,2572,1270,1302,2573,1267,1306,1,-3,4
4579037000,2023-05-31,전라북도,고창군,성송면,1712,865,847,1715,868,847,3,3,0
4579038000,2023-05-31,전라북도,고창군,대산면,3107,1543,1564,3090,1540,1550,-17,-3,-14
4579039000,2023-05-31,전라북도,고창군,심원면,2395,1201,1194,2395,1204,1191,0,3,-3
4579040000,2023-05-31,전라북도,고창군,흥덕면,3017,1490,1527,3008,1482,1526,-9,-8,-1
4579041000,2023-05-31,전라북도,고창군,성내면,1886,985,901,1888,987,901,2,2,0
4579042000,2023-05-31,전라북도,고창군,신림면,2122,1040,1082,2125,1042,1083,3,2,1
4579043000,2023-05-31,전라북도,고창군,부안면,2508,1237,1271,2506,1231,1275,-2,-6,4
4580025000,2023-05-31,전라북도,부안군,부안읍,20816,10140,10676,20746,10108,10638,-70,-32,-38
4580031000,2023-05-31,전라북도,부안군,주산면,1783,884,899,1782,888,894,-1,4,-5
4580032000,2023-05-31,전라북도,부안군,동진면,2677,1356,1321,2678,1359,1319,1,3,-2
4580033000,2023-05-31,전라북도,부안군,행안면,2099,1093,1006,2103,1093,1010,4,0,4
4580034000,2023-05-31,전라북도,부안군,계화면,3182,1601,1581,3168,1587,1581,-14,-14,0
4580035000,2023-05-31,전라북도,부안군,보안면,2317,1159,1158,2313,1160,1153,-4,1,-5
4580036000,2023-05-31,전라북도,부안군,변산면,4251,2175,2076,4245,2168,2077,-6,-7,1
4580037000,2023-05-31,전라북도,부안군,진서면,2261,1166,1095,2259,1164,1095,-2,-2,0
4580038000,2023-05-31,전라북도,부안군,백산면,2397,1188,1209,2390,1185,1205,-7,-3,-4
4580039000,2023-05-31,전라북도,부안군,상서면,2108,1044,1064,2102,1040,1062,-6,-4,-2
4580040000,2023-05-31,전라북도,부안군,하서면,2549,1251,1298,2531,1240,1291,-18,-11,-7
4580041000,2023-05-31,전라북도,부안군,줄포면,2460,1220,1240,2470,1222,1248,10,2,8
4580042000,2023-05-31,전라북도,부안군,위도면,1120,602,518,1118,603,515,-2,1,-3
4611051000,2023-05-31,전라남도,목포시,용당1동,9874,4911,4963,9846,4910,4936,-28,-1,-27
4611052000,2023-05-31,전라남도,목포시,용당2동,4766,2418,2348,4740,2399,2341,-26,-19,-7
4611053500,2023-05-31,전라남도,목포시,연동,4233,2135,2098,4225,2135,2090,-8,0,-8
4611054500,2023-05-31,전라남도,목포시,산정동,9179,4467,4712,9165,4461,4704,-14,-6,-8
4611055400,2023-05-31,전라남도,목포시,연산동,10448,5148,5300,10419,5121,5298,-29,-27,-2
4611055800,2023-05-31,전라남도,목포시,원산동,12175,5984,6191,12144,5963,6181,-31,-21,-10
4611056500,2023-05-31,전라남도,목포시,대성동,4816,2396,2420,4808,2400,2408,-8,4,-12
4611059500,2023-05-31,전라남도,목포시,목원동,6874,3476,3398,6883,3486,3397,9,10,-1
4611064000,2023-05-31,전라남도,목포시,동명동,4927,2563,2364,4907,2552,2355,-20,-11,-9
4611064500,2023-05-31,전라남도,목포시,삼학동,5779,2814,2965,5760,2806,2954,-19,-8,-11
4611065500,2023-05-31,전라남도,목포시,만호동,2528,1332,1196,2520,1323,1197,-8,-9,1
4611066000,2023-05-31,전라남도,목포시,유달동,3933,2100,1833,3932,2099,1833,-1,-1,0
4611069500,2023-05-31,전라남도,목포시,죽교동,2898,1496,1402,2879,1488,1391,-19,-8,-11
4611070500,2023-05-31,전라남도,목포시,북항동,8826,4416,4410,8805,4409,4396,-21,-7,-14
4611074500,2023-05-31,전라남도,목포시,용해동,16610,8157,8453,16601,8153,8448,-9,-4,-5
4611075000,2023-05-31,전라남도,목포시,이로동,10455,5137,5318,10427,5133,5294,-28,-4,-24
4611075600,2023-05-31,전라남도,목포시,상동,21388,10471,10917,21332,10445,10887,-56,-26,-30
4611075700,2023-05-31,전라남도,목포시,하당동,13041,6744,6297,13052,6747,6305,11,3,8
4611075800,2023-05-31,전라남도,목포시,신흥동,16152,8007,8145,16152,8020,8132,0,13,-13
4611078000,2023-05-31,전라남도,목포시,삼향동,4553,2288,2265,4557,2279,2278,4,-9,13
4611079000,2023-05-31,전라남도,목포시,옥암동,11106,5323,5783,11080,5304,5776,-26,-19,-7
4611080000,2023-05-31,전라남도,목포시,부흥동,8284,4008,4276,8257,4011,4246,-27,3,-30
4611081000,2023-05-31,전라남도,목포시,부주동,22746,11391,11355,22762,11400,11362,16,9,7
4613025000,2023-05-31,전라남도,여수시,돌산읍,2499,1278,1221,2484,1267,1217,-15,-11,-4
4613025100,2023-05-31,전라남도,여수시,돌산읍우두출장소,8311,4335,3976,8283,4321,3962,-28,-14,-14
4613025200,2023-05-31,전라남도,여수시,돌산읍죽포출장소,1871,914,957,1864,910,954,-7,-4,-3
4613031000,2023-05-31,전라남도,여수시,소라면,22064,11261,10803,22040,11248,10792,-24,-13,-11
4613032000,2023-05-31,전라남도,여수시,율촌면,5967,3077,2890,5947,3069,2878,-20,-8,-12
4613033000,2023-05-31,전라남도,여수시,화양면,6274,3236,3038,6268,3241,3027,-6,5,-11
4613034000,2023-05-31,전라남도,여수시,남면,2717,1392,1325,2705,1389,1316,-12,-3,-9
4613035000,2023-05-31,전라남도,여수시,화정면,1321,665,656,1316,661,655,-5,-4,-1
4613035600,2023-05-31,전라남도,여수시,화정면개도출장소,774,392,382,772,390,382,-2,-2,0
4613036000,2023-05-31,전라남도,여수시,삼산면,2021,1142,879,2018,1136,882,-3,-6,3
4613051500,2023-05-31,전라남도,여수시,동문동,4343,2191,2152,4314,2171,2143,-29,-20,-9
4613053500,2023-05-31,전라남도,여수시,한려동,2815,1399,1416,2812,1399,1413,-3,0,-3
4613057000,2023-05-31,전라남도,여수시,중앙동,4012,2001,2011,4000,1997,2003,-12,-4,-8
4613060000,2023-05-31,전라남도,여수시,충무동,3597,1840,1757,3588,1826,1762,-9,-14,5
4613062500,2023-05-31,전라남도,여수시,광림동,5680,2973,2707,5688,2985,2703,8,12,-4
4613063500,2023-05-31,전라남도,여수시,서강동,3326,1646,1680,3405,1684,1721,79,38,41
4613065500,2023-05-31,전라남도,여수시,대교동,4909,2469,2440,4873,2448,2425,-36,-21,-15
4613067000,2023-05-31,전라남도,여수시,국동,10634,5331,5303,10593,5306,5287,-41,-25,-16
4613068500,2023-05-31,전라남도,여수시,월호동,7203,3581,3622,7246,3594,3652,43,13,30
4613070000,2023-05-31,전라남도,여수시,여서동,16938,8287,8651,16888,8274,8614,-50,-13,-37
4613071000,2023-05-31,전라남도,여수시,문수동,19721,9910,9811,19698,9891,9807,-23,-19,-4
4613073000,2023-05-31,전라남도,여수시,미평동,10946,5878,5068,10930,5865,5065,-16,-13,-3
4613074000,2023-05-31,전라남도,여수시,둔덕동,9783,4933,4850,9774,4925,4849,-9,-8,-1
4613076500,2023-05-31,전라남도,여수시,만덕동,10212,5143,5069,10263,5168,5095,51,25,26
4613078000,2023-05-31,전라남도,여수시,쌍봉동,31981,16305,15676,31961,16290,15671,-20,-15,-5
4613079000,2023-05-31,전라남도,여수시,시전동,42479,21265,21214,42406,21233,21173,-73,-32,-41
4613080000,2023-05-31,전라남도,여수시,여천동,20104,10681,9423,20061,10667,9394,-43,-14,-29
4613081000,2023-05-31,전라남도,여수시,주삼동,7870,4039,3831,7874,4049,3825,4,10,-6
4613082000,2023-05-31,전라남도,여수시,삼일동,2153,1183,970,2155,1181,974,2,-2,4
4613083000,2023-05-31,전라남도,여수시,묘도동,1134,593,541,1141,598,543,7,5,2
4615025000,2023-05-31,전라남도,순천시,승주읍,2553,1271,1282,2551,1267,1284,-2,-4,2
4615031000,2023-05-31,전라남도,순천시,해룡면,4295,2217,2078,4290,2212,2078,-5,-5,0
4615031500,2023-05-31,전라남도,순천시,해룡면상삼출장소,19262,9534,9728,19150,9487,9663,-112,-47,-65
4615031600,2023-05-31,전라남도,순천시,해룡면신대출장소,32927,16739,16188,32892,16715,16177,-35,-24,-11
4615032000,2023-05-31,전라남도,순천시,서면,15368,7778,7590,15280,7739,7541,-88,-39,-49
4615033000,2023-05-31,전라남도,순천시,황전면,2811,1432,1379,2801,1431,1370,-10,-1,-9
4615034000,2023-05-31,전라남도,순천시,월등면,1716,827,889,1712,826,886,-4,-1,-3
4615035000,2023-05-31,전라남도,순천시,주암면,2987,1506,1481,2972,1497,1475,-15,-9,-6
4615036000,2023-05-31,전라남도,순천시,송광면,1438,759,679,1429,753,676,-9,-6,-3
4615037000,2023-05-31,전라남도,순천시,외서면,806,403,403,805,401,404,-1,-2,1
4615038000,2023-05-31,전라남도,순천시,낙안면,3044,1479,1565,3029,1472,1557,-15,-7,-8
4615039000,2023-05-31,전라남도,순천시,별량면,5369,2681,2688,5344,2667,2677,-25,-14,-11
4615040000,2023-05-31,전라남도,순천시,상사면,2807,1425,1382,2819,1429,1390,12,4,8
4615051500,2023-05-31,전라남도,순천시,향동,3348,1634,1714,3349,1632,1717,1,-2,3
4615054000,2023-05-31,전라남도,순천시,매곡동,6556,3238,3318,6519,3209,3310,-37,-29,-8
4615055000,2023-05-31,전라남도,순천시,삼산동,26681,13140,13541,27838,13735,14103,1157,595,562
4615056000,2023-05-31,전라남도,순천시,조곡동,6851,3406,3445,7003,3485,3518,152,79,73
4615057000,2023-05-31,전라남도,순천시,덕연동,41904,20830,21074,41617,20692,20925,-287,-138,-149
4615058000,2023-05-31,전라남도,순천시,풍덕동,7287,3621,3666,7239,3605,3634,-48,-16,-32
4615059000,2023-05-31,전라남도,순천시,남제동,8166,4144,4022,8149,4140,4009,-17,-4,-13
4615060000,2023-05-31,전라남도,순천시,저전동,2645,1302,1343,2618,1284,1334,-27,-18,-9
4615061000,2023-05-31,전라남도,순천시,장천동,2045,1094,951,2021,1079,942,-24,-15,-9
4615062000,2023-05-31,전라남도,순천시,중앙동,2768,1413,1355,2727,1393,1334,-41,-20,-21
4615063500,2023-05-31,전라남도,순천시,도사동,17650,8858,8792,17544,8785,8759,-106,-73,-33
4615066100,2023-05-31,전라남도,순천시,왕조1동,39385,19483,19902,39201,19387,19814,-184,-96,-88
4615066500,2023-05-31,전라남도,순천시,왕조2동,18040,8870,9170,17852,8777,9075,-188,-93,-95
4617025000,2023-05-31,전라남도,나주시,남평읍,11740,5858,5882,11725,5857,5868,-15,-1,-14
4617031000,2023-05-31,전라남도,나주시,세지면,2458,1265,1193,2446,1260,1186,-12,-5,-7
4617032000,2023-05-31,전라남도,나주시,왕곡면,2763,1457,1306,2749,1451,1298,-14,-6,-8
4617033000,2023-05-31,전라남도,나주시,반남면,1355,673,682,1343,669,674,-12,-4,-8
4617034000,2023-05-31,전라남도,나주시,공산면,2224,1147,1077,2216,1146,1070,-8,-1,-7
4617035000,2023-05-31,전라남도,나주시,동강면,2327,1162,1165,2322,1161,1161,-5,-1,-4
4617036000,2023-05-31,전라남도,나주시,다시면,3418,1716,1702,3422,1718,1704,4,2,2
4617037000,2023-05-31,전라남도,나주시,문평면,1847,929,918,1842,924,918,-5,-5,0
4617038000,2023-05-31,전라남도,나주시,노안면,4360,2268,2092,4350,2262,2088,-10,-6,-4
4617039000,2023-05-31,전라남도,나주시,금천면,6259,3267,2992,6419,3337,3082,160,70,90
4617040000,2023-05-31,전라남도,나주시,산포면,3186,1668,1518,3162,1652,1510,-24,-16,-8
4617042000,2023-05-31,전라남도,나주시,다도면,1777,921,856,1768,915,853,-9,-6,-3
4617043000,2023-05-31,전라남도,나주시,봉황면,3996,2107,1889,3996,2112,1884,0,5,-5
4617051000,2023-05-31,전라남도,나주시,송월동,7869,3946,3923,7903,3960,3943,34,14,20
4617052000,2023-05-31,전라남도,나주시,영강동,2660,1324,1336,2646,1318,1328,-14,-6,-8
4617054000,2023-05-31,전라남도,나주시,금남동,4613,2318,2295,4595,2310,2285,-18,-8,-10
4617055000,2023-05-31,전라남도,나주시,성북동,8511,4259,4252,8509,4257,4252,-2,-2,0
4617058000,2023-05-31,전라남도,나주시,영산동,2954,1490,1464,2954,1497,1457,0,7,-7
4617060000,2023-05-31,전라남도,나주시,이창동,3318,1786,1532,3303,1771,1532,-15,-15,0
4617062000,2023-05-31,전라남도,나주시,빛가람동,39359,19511,19848,39402,19544,19858,43,33,10
4623025000,2023-05-31,전라남도,광양시,광양읍,47594,24434,23160,47569,24417,23152,-25,-17,-8
4623031000,2023-05-31,전라남도,광양시,봉강면,2090,1079,1011,2083,1076,1007,-7,-3,-4
4623032000,2023-05-31,전라남도,광양시,옥룡면,3004,1500,1504,2999,1499,1500,-5,-1,-4
4623033000,2023-05-31,전라남도,광양시,옥곡면,4893,2478,2415,4900,2489,2411,7,11,-4
4623034000,2023-05-31,전라남도,광양시,진상면,2639,1348,1291,2640,1352,1288,1,4,-3
4623035000,2023-05-31,전라남도,광양시,진월면,2665,1326,1339,2670,1330,1340,5,4,1
4623036000,2023-05-31,전라남도,광양시,다압면,1698,855,843,1693,850,843,-5,-5,0
4623051500,2023-05-31,전라남도,광양시,골약동,6447,3380,3067,6497,3402,3095,50,22,28
4623053000,2023-05-31,전라남도,광양시,중마동,57688,30442,27246,57827,30520,27307,139,78,61
4623054000,2023-05-31,전라남도,광양시,광영동,11109,5878,5231,11041,5843,5198,-68,-35,-33
4623055000,2023-05-31,전라남도,광양시,금호동,10586,5848,4738,10561,5835,4726,-25,-13,-12
4623057000,2023-05-31,전라남도,광양시,태인동,1631,915,716,1618,903,715,-13,-12,-1
4671025000,2023-05-31,전라남도,담양군,담양읍,15189,7592,7597,15218,7608,7610,29,16,13
4671031000,2023-05-31,전라남도,담양군,봉산면,2652,1374,1278,2653,1376,1277,1,2,-1
4671032000,2023-05-31,전라남도,담양군,고서면,3043,1535,1508,3032,1525,1507,-11,-10,-1
4671033500,2023-05-31,전라남도,담양군,가사문학면,1208,598,610,1197,594,603,-11,-4,-7
4671034000,2023-05-31,전라남도,담양군,창평면,3603,1817,1786,3591,1814,1777,-12,-3,-9
4671035000,2023-05-31,전라남도,담양군,대덕면,1853,948,905,1855,952,903,2,4,-2
4671036000,2023-05-31,전라남도,담양군,무정면,2471,1318,1153,2465,1315,1150,-6,-3,-3
4671037000,2023-05-31,전라남도,담양군,금성면,2489,1265,1224,2479,1261,1218,-10,-4,-6
4671038000,2023-05-31,전라남도,담양군,용면,1786,888,898,1791,891,900,5,3,2
4671039000,2023-05-31,전라남도,담양군,월산면,2363,1220,1143,2363,1224,1139,0,4,-4
4671040000,2023-05-31,전라남도,담양군,수북면,4711,2411,2300,4709,2413,2296,-2,2,-4
4671041000,2023-05-31,전라남도,담양군,대전면,4243,2098,2145,4246,2096,2150,3,-2,5
4672025000,2023-05-31,전라남도,곡성군,곡성읍,7619,3702,3917,7623,3703,3920,4,1,3
4672031000,2023-05-31,전라남도,곡성군,오곡면,1803,886,917,1809,888,921,6,2,4
4672032000,2023-05-31,전라남도,곡성군,삼기면,1647,812,835,1652,815,837,5,3,2
4672033000,2023-05-31,전라남도,곡성군,석곡면,2221,1050,1171,2215,1051,1164,-6,1,-7
4672034000,2023-05-31,전라남도,곡성군,목사동면,1337,682,655,1343,683,660,6,1,5
4672035000,2023-05-31,전라남도,곡성군,죽곡면,1858,914,944,1866,919,947,8,5,3
4672036000,2023-05-31,전라남도,곡성군,고달면,1136,575,561,1139,580,559,3,5,-2
4672037000,2023-05-31,전라남도,곡성군,옥과면,4055,2064,1991,4075,2072,2003,20,8,12
4672038000,2023-05-31,전라남도,곡성군,입면,2329,1201,1128,2325,1197,1128,-4,-4,0
4672039000,2023-05-31,전라남도,곡성군,겸면,1625,794,831,1626,797,829,1,3,-2
4672040000,2023-05-31,전라남도,곡성군,오산면,1436,749,687,1437,751,686,1,2,-1
4673025000,2023-05-31,전라남도,구례군,구례읍,10410,5073,5337,10382,5055,5327,-28,-18,-10
4673031000,2023-05-31,전라남도,구례군,문척면,1262,639,623,1279,647,632,17,8,9
4673032000,2023-05-31,전라남도,구례군,간전면,1428,712,716,1426,712,714,-2,0,-2
4673033000,2023-05-31,전라남도,구례군,토지면,2440,1197,1243,2444,1197,1247,4,0,4
4673034000,2023-05-31,전라남도,구례군,마산면,2510,1217,1293,2514,1220,1294,4,3,1
4673035000,2023-05-31,전라남도,구례군,광의면,2182,1040,1142,2176,1035,1141,-6,-5,-1
4673036000,2023-05-31,전라남도,구례군,용방면,1367,654,713,1372,656,716,5,2,3
4673037000,2023-05-31,전라남도,구례군,산동면,2881,1410,1471,2881,1411,1470,0,1,-1
4677025000,2023-05-31,전라남도,고흥군,고흥읍,12449,6053,6396,12447,6061,6386,-2,8,-10
4677025300,2023-05-31,전라남도,고흥군,도양읍,9435,4625,4810,9416,4610,4806,-19,-15,-4
4677025400,2023-05-31,전라남도,고흥군,도양읍소록출장소,566,284,282,560,281,279,-6,-3,-3
4677025500,2023-05-31,전라남도,고흥군,도양읍시산출장소,202,102,100,201,101,100,-1,-1,0
4677031000,2023-05-31,전라남도,고흥군,풍양면,3000,1498,1502,3004,1503,1501,4,5,-1
4677032000,2023-05-31,전라남도,고흥군,도덕면,2822,1385,1437,2827,1387,1440,5,2,3
4677033000,2023-05-31,전라남도,고흥군,금산면,4184,2042,2142,4176,2037,2139,-8,-5,-3
4677034000,2023-05-31,전라남도,고흥군,도화면,3702,1814,1888,3685,1805,1880,-17,-9,-8
4677035000,2023-05-31,전라남도,고흥군,포두면,4728,2283,2445,4715,2279,2436,-13,-4,-9
4677036000,2023-05-31,전라남도,고흥군,봉래면,1838,912,926,1840,914,926,2,2,0
4677037000,2023-05-31,전라남도,고흥군,점암면,2614,1256,1358,2614,1257,1357,0,1,-1
4677038000,2023-05-31,전라남도,고흥군,과역면,3168,1523,1645,3174,1524,1650,6,1,5
4677039000,2023-05-31,전라남도,고흥군,남양면,2209,1043,1166,2211,1050,1161,2,7,-5
4677040000,2023-05-31,전라남도,고흥군,동강면,3000,1483,1517,2997,1478,1519,-3,-5,2
4677041000,2023-05-31,전라남도,고흥군,대서면,2161,1057,1104,2157,1057,1100,-4,0,-4
4677042000,2023-05-31,전라남도,고흥군,두원면,2912,1386,1526,2893,1379,1514,-19,-7,-12
4677044000,2023-05-31,전라남도,고흥군,영남면,1233,592,641,1230,589,641,-3,-3,0
4677045000,2023-05-31,전라남도,고흥군,동일면,1395,707,688,1395,710,685,0,3,-3
4678025000,2023-05-31,전라남도,보성군,보성읍,8621,4241,4380,8597,4228,4369,-24,-13,-11
4678025300,2023-05-31,전라남도,보성군,벌교읍,11149,5458,5691,11122,5442,5680,-27,-16,-11
4678031000,2023-05-31,전라남도,보성군,노동면,1070,529,541,1074,532,542,4,3,1
4678032000,2023-05-31,전라남도,보성군,미력면,1373,678,695,1366,678,688,-7,0,-7
4678033000,2023-05-31,전라남도,보성군,겸백면,1110,542,568,1108,543,565,-2,1,-3
4678034000,2023-05-31,전라남도,보성군,율어면,1150,577,573,1153,575,578,3,-2,5
4678035000,2023-05-31,전라남도,보성군,복내면,1566,744,822,1554,742,812,-12,-2,-10
4678036000,2023-05-31,전라남도,보성군,문덕면,927,476,451,927,475,452,0,-1,1
4678037000,2023-05-31,전라남도,보성군,조성면,3507,1680,1827,3501,1685,1816,-6,5,-11
4678038000,2023-05-31,전라남도,보성군,득량면,2632,1302,1330,2613,1297,1316,-19,-5,-14
4678038500,2023-05-31,전라남도,보성군,득량면예당출장소,1156,560,596,1146,555,591,-10,-5,-5
4678039000,2023-05-31,전라남도,보성군,회천면,2928,1454,1474,2934,1459,1475,6,5,1
4678040000,2023-05-31,전라남도,보성군,웅치면,1045,518,527,1052,522,530,7,4,3
4679025000,2023-05-31,전라남도,화순군,화순읍,39371,19260,20111,39305,19218,20087,-66,-42,-24
4679031000,2023-05-31,전라남도,화순군,한천면,912,476,436,920,477,443,8,1,7
4679031500,2023-05-31,전라남도,화순군,한천면영외출장소,412,193,219,411,192,219,-1,-1,0
4679032000,2023-05-31,전라남도,화순군,춘양면,1734,887,847,1746,894,852,12,7,5
4679033000,2023-05-31,전라남도,화순군,청풍면,1018,496,522,1019,497,522,1,1,0
4679034000,2023-05-31,전라남도,화순군,이양면,1776,872,904,1783,875,908,7,3,4
4679035000,2023-05-31,전라남도,화순군,능주면,3034,1501,1533,3028,1494,1534,-6,-7,1
4679036000,2023-05-31,전라남도,화순군,도곡면,2811,1421,1390,2816,1416,1400,5,-5,10
4679037000,2023-05-31,전라남도,화순군,도암면,1407,733,674,1402,731,671,-5,-2,-3
4679038000,2023-05-31,전라남도,화순군,이서면,917,472,445,919,474,445,2,2,0
4679039500,2023-05-31,전라남도,화순군,백아면,1556,782,774,1551,781,770,-5,-1,-4
4679040000,2023-05-31,전라남도,화순군,동복면,1549,740,809,1544,739,805,-5,-1,-4
4679041500,2023-05-31,전라남도,화순군,사평면,2063,1065,998,2054,1061,993,-9,-4,-5
4679042000,2023-05-31,전라남도,화순군,동면,3183,1623,1560,3182,1618,1564,-1,-5,4
4680025000,2023-05-31,전라남도,장흥군,장흥읍,14473,7081,7392,14500,7096,7404,27,15,12
4680025300,2023-05-31,전라남도,장흥군,관산읍,4667,2265,2402,4649,2263,2386,-18,-2,-16
4680025600,2023-05-31,전라남도,장흥군,대덕읍,3179,1520,1659,3161,1513,1648,-18,-7,-11
4680031000,2023-05-31,전라남도,장흥군,용산면,2222,1068,1154,2217,1068,1149,-5,0,-5
4680032000,2023-05-31,전라남도,장흥군,안양면,2702,1333,1369,2701,1335,1366,-1,2,-3
4680033000,2023-05-31,전라남도,장흥군,장동면,1181,565,616,1171,561,610,-10,-4,-6
4680034000,2023-05-31,전라남도,장흥군,장평면,2004,972,1032,2000,970,1030,-4,-2,-2
4680035000,2023-05-31,전라남도,장흥군,유치면,980,497,483,982,497,485,2,0,2
4680036000,2023-05-31,전라남도,장흥군,부산면,1380,678,702,1388,685,703,8,7,1
4680037000,2023-05-31,전라남도,장흥군,회진면,2631,1296,1335,2630,1294,1336,-1,-2,1
4681025000,2023-05-31,전라남도,강진군,강진읍,13017,6227,6790,13004,6216,6788,-13,-11,-2
4681031000,2023-05-31,전라남도,강진군,군동면,4354,2135,2219,4360,2138,2222,6,3,3
4681032000,2023-05-31,전라남도,강진군,칠량면,2163,1069,1094,2156,1065,1091,-7,-4,-3
4681033000,2023-05-31,전라남도,강진군,대구면,1086,524,562,1083,522,561,-3,-2,-1
4681034000,2023-05-31,전라남도,강진군,도암면,2378,1153,1225,2392,1158,1234,14,5,9
4681035000,2023-05-31,전라남도,강진군,신전면,1684,825,859,1686,823,863,2,-2,4
4681036000,2023-05-31,전라남도,강진군,성전면,2653,1309,1344,2656,1310,1346,3,1,2
4681037000,2023-05-31,전라남도,강진군,작천면,1808,895,913,1797,893,904,-11,-2,-9
4681038000,2023-05-31,전라남도,강진군,병영면,1548,737,811,1540,733,807,-8,-4,-4
4681039000,2023-05-31,전라남도,강진군,옴천면,604,308,296,602,307,295,-2,-1,-1
4681040000,2023-05-31,전라남도,강진군,마량면,1689,840,849,1693,841,852,4,1,3
4682025000,2023-05-31,전라남도,해남군,해남읍,24085,11870,12215,24054,11857,12197,-31,-13,-18
4682031000,2023-05-31,전라남도,해남군,삼산면,2822,1415,1407,2823,1423,1400,1,8,-7
4682032000,2023-05-31,전라남도,해남군,화산면,3032,1522,1510,3021,1515,1506,-11,-7,-4
4682033000,2023-05-31,전라남도,해남군,현산면,2668,1328,1340,2666,1322,1344,-2,-6,4
4682034000,2023-05-31,전라남도,해남군,송지면,5777,2864,2913,5763,2852,2911,-14,-12,-2
4682035000,2023-05-31,전라남도,해남군,북평면,2645,1292,1353,2647,1293,1354,2,1,1
4682036000,2023-05-31,전라남도,해남군,북일면,1991,964,1027,1987,962,1025,-4,-2,-2
4682037000,2023-05-31,전라남도,해남군,옥천면,2870,1456,1414,2867,1452,1415,-3,-4,1
4682038000,2023-05-31,전라남도,해남군,계곡면,2075,993,1082,2075,996,1079,0,3,-3
4682039000,2023-05-31,전라남도,해남군,마산면,2313,1177,1136,2304,1169,1135,-9,-8,-1
4682040000,2023-05-31,전라남도,해남군,황산면,4430,2209,2221,4426,2205,2221,-4,-4,0
4682041000,2023-05-31,전라남도,해남군,산이면,3545,1827,1718,3545,1825,1720,0,-2,2
4682042000,2023-05-31,전라남도,해남군,문내면,3819,1933,1886,3813,1932,1881,-6,-1,-5
4682043000,2023-05-31,전라남도,해남군,화원면,3342,1764,1578,3349,1770,1579,7,6,1
4683025000,2023-05-31,전라남도,영암군,영암읍,7810,3857,3953,7809,3856,3953,-1,-1,0
4683025300,2023-05-31,전라남도,영암군,삼호읍,15420,8265,7155,15496,8311,7185,76,46,30
4683025400,2023-05-31,전라남도,영암군,삼호읍서부출장소,6492,3861,2631,6479,3865,2614,-13,4,-17
4683031000,2023-05-31,전라남도,영암군,덕진면,1756,883,873,1745,877,868,-11,-6,-5
4683032000,2023-05-31,전라남도,영암군,금정면,2056,1041,1015,2055,1043,1012,-1,2,-3
4683033000,2023-05-31,전라남도,영암군,신북면,3551,1796,1755,3532,1783,1749,-19,-13,-6
4683034000,2023-05-31,전라남도,영암군,시종면,3331,1716,1615,3333,1715,1618,2,-1,3
4683035000,2023-05-31,전라남도,영암군,도포면,2154,1122,1032,2152,1121,1031,-2,-1,-1
4683036000,2023-05-31,전라남도,영암군,군서면,3146,1539,1607,3135,1537,1598,-11,-2,-9
4683037000,2023-05-31,전라남도,영암군,서호면,1850,900,950,1847,897,950,-3,-3,0
4683038000,2023-05-31,전라남도,영암군,학산면,2877,1396,1481,2877,1396,1481,0,0,0
4683039000,2023-05-31,전라남도,영암군,미암면,2149,1089,1060,2156,1094,1062,7,5,2
4684025000,2023-05-31,전라남도,무안군,무안읍,10922,5446,5476,10912,5440,5472,-10,-6,-4
4684025300,2023-05-31,전라남도,무안군,일로읍,16374,8194,8180,16356,8188,8168,-18,-6,-12
4684025600,2023-05-31,전라남도,무안군,삼향읍,5304,2809,2495,5287,2805,2482,-17,-4,-13
4684025800,2023-05-31,전라남도,무안군,삼향읍남악출장소,34880,17203,17677,34885,17214,17671,5,11,-6
4684032000,2023-05-31,전라남도,무안군,몽탄면,2945,1480,1465,2943,1476,1467,-2,-4,2
4684033000,2023-05-31,전라남도,무안군,청계면,6401,3323,3078,6398,3325,3073,-3,2,-5
4684034000,2023-05-31,전라남도,무안군,현경면,4442,2292,2150,4450,2307,2143,8,15,-7
4684035000,2023-05-31,전라남도,무안군,망운면,1874,968,906,1865,963,902,-9,-5,-4
4684036000,2023-05-31,전라남도,무안군,해제면,4727,2413,2314,4721,2409,2312,-6,-4,-2
4684037000,2023-05-31,전라남도,무안군,운남면,2802,1434,1368,2789,1430,1359,-13,-4,-9
4686025000,2023-05-31,전라남도,함평군,함평읍,8290,4079,4211,8282,4077,4205,-8,-2,-6
4686031000,2023-05-31,전라남도,함평군,손불면,3220,1660,1560,3211,1656,1555,-9,-4,-5
4686032000,2023-05-31,전라남도,함평군,신광면,1747,876,871,1743,874,869,-4,-2,-2
4686033000,2023-05-31,전라남도,함평군,학교면,3570,1800,1770,3571,1801,1770,1,1,0
4686034000,2023-05-31,전라남도,함평군,엄다면,1860,911,949,1847,903,944,-13,-8,-5
4686035000,2023-05-31,전라남도,함평군,대동면,3034,1580,1454,3013,1558,1455,-21,-22,1
4686036000,2023-05-31,전라남도,함평군,나산면,2767,1380,1387,2770,1385,1385,3,5,-2
4686037000,2023-05-31,전라남도,함평군,해보면,2696,1371,1325,2694,1369,1325,-2,-2,0
4686038000,2023-05-31,전라남도,함평군,월야면,3607,1916,1691,3602,1917,1685,-5,1,-6
4687025000,2023-05-31,전라남도,영광군,영광읍,22203,10904,11299,22222,10912,11310,19,8,11
4687025300,2023-05-31,전라남도,영광군,백수읍,4522,2231,2291,4521,2225,2296,-1,-6,5
4687025600,2023-05-31,전라남도,영광군,홍농읍,6659,3515,3144,6689,3524,3165,30,9,21
4687031000,2023-05-31,전라남도,영광군,대마면,1685,893,792,1683,889,794,-2,-4,2
4687032000,2023-05-31,전라남도,영광군,묘량면,1723,858,865,1724,858,866,1,0,1
4687033000,2023-05-31,전라남도,영광군,불갑면,1432,744,688,1420,736,684,-12,-8,-4
4687034000,2023-05-31,전라남도,영광군,군서면,2283,1165,1118,2284,1166,1118,1,1,0
4687035000,2023-05-31,전라남도,영광군,군남면,2275,1086,1189,2275,1088,1187,0,2,-2
4687036000,2023-05-31,전라남도,영광군,염산면,3867,1911,1956,3867,1916,1951,0,5,-5
4687037000,2023-05-31,전라남도,영광군,법성면,5009,2461,2548,5012,2459,2553,3,-2,5
4687038000,2023-05-31,전라남도,영광군,낙월면,417,254,163,415,252,163,-2,-2,0
4687038500,2023-05-31,전라남도,영광군,낙월면안마출장소,199,122,77,199,122,77,0,0,0
4688025000,2023-05-31,전라남도,장성군,장성읍,13392,6634,6758,13387,6630,6757,-5,-4,-1
4688031000,2023-05-31,전라남도,장성군,진원면,3611,1859,1752,3606,1855,1751,-5,-4,-1
4688032000,2023-05-31,전라남도,장성군,남면,3719,2034,1685,3713,2032,1681,-6,-2,-4
4688033000,2023-05-31,전라남도,장성군,동화면,1807,960,847,1807,963,844,0,3,-3
4688034000,2023-05-31,전라남도,장성군,삼서면,3045,1633,1412,3042,1631,1411,-3,-2,-1
4688035000,2023-05-31,전라남도,장성군,삼계면,5733,3037,2696,5697,3023,2674,-36,-14,-22
4688036000,2023-05-31,전라남도,장성군,황룡면,3967,2033,1934,3950,2018,1932,-17,-15,-2
4688037000,2023-05-31,전라남도,장성군,서삼면,1466,771,695,1464,771,693,-2,0,-2
4688038000,2023-05-31,전라남도,장성군,북일면,1350,679,671,1348,676,672,-2,-3,1
4688039000,2023-05-31,전라남도,장성군,북이면,2729,1356,1373,2730,1356,1374,1,0,1
4688040000,2023-05-31,전라남도,장성군,북하면,2128,1097,1031,2115,1095,1020,-13,-2,-11
4689025000,2023-05-31,전라남도,완도군,완도읍,17487,8806,8681,17461,8788,8673,-26,-18,-8
4689025300,2023-05-31,전라남도,완도군,금일읍,3519,1782,1737,3510,1778,1732,-9,-4,-5
4689025600,2023-05-31,전라남도,완도군,노화읍,4164,2100,2064,4153,2096,2057,-11,-4,-7
4689029000,2023-05-31,전라남도,완도군,노화읍넙도출장소,721,401,320,717,399,318,-4,-2,-2
4689031000,2023-05-31,전라남도,완도군,군외면,3076,1559,1517,3068,1553,1515,-8,-6,-2
4689032000,2023-05-31,전라남도,완도군,신지면,3233,1645,1588,3238,1645,1593,5,0,5
4689033000,2023-05-31,전라남도,완도군,고금면,4048,1993,2055,4033,1993,2040,-15,0,-15
4689034000,2023-05-31,전라남도,완도군,약산면,2190,1120,1070,2180,1115,1065,-10,-5,-5
4689035000,2023-05-31,전라남도,완도군,청산면,2035,1002,1033,2027,1001,1026,-8,-1,-7
4689035500,2023-05-31,전라남도,완도군,청산면모도출장소,220,114,106,221,115,106,1,1,0
4689036000,2023-05-31,전라남도,완도군,소안면,2360,1172,1188,2345,1165,1180,-15,-7,-8
4689037000,2023-05-31,전라남도,완도군,금당면,927,462,465,928,462,466,1,0,1
4689038000,2023-05-31,전라남도,완도군,보길면,2567,1305,1262,2563,1304,1259,-4,-1,-3
4689039000,2023-05-31,전라남도,완도군,생일면,763,413,350,759,410,349,-4,-3,-1
4690025000,2023-05-31,전라남도,진도군,진도읍,10495,5203,5292,10481,5191,5290,-14,-12,-2
4690031000,2023-05-31,전라남도,진도군,군내면,2915,1472,1443,2904,1464,1440,-11,-8,-3
4690032000,2023-05-31,전라남도,진도군,고군면,3478,1698,1780,3466,1692,1774,-12,-6,-6
4690033000,2023-05-31,전라남도,진도군,의신면,3360,1731,1629,3353,1729,1624,-7,-2,-5
4690034000,2023-05-31,전라남도,진도군,임회면,3270,1607,1663,3259,1604,1655,-11,-3,-8
4690035000,2023-05-31,전라남도,진도군,지산면,2975,1445,1530,2969,1445,1524,-6,0,-6
4690036000,2023-05-31,전라남도,진도군,조도면,2205,1137,1068,2201,1135,1066,-4,-2,-2
4690036500,2023-05-31,전라남도,진도군,조도면가사출장소,253,136,117,252,136,116,-1,0,-1
4690036600,2023-05-31,전라남도,진도군,조도면거차출장소,375,193,182,380,197,183,5,4,1
4691025000,2023-05-31,전라남도,신안군,지도읍,4293,2265,2028,4315,2273,2042,22,8,14
4691025100,2023-05-31,전라남도,신안군,지도읍선도출장소,233,127,106,233,126,107,0,-1,1
4691025300,2023-05-31,전라남도,신안군,압해읍,5509,2990,2519,5513,2997,2516,4,7,-3
4691025400,2023-05-31,전라남도,신안군,압해읍매화출장소,244,121,123,245,122,123,1,1,0
4691025500,2023-05-31,전라남도,신안군,압해읍고이도출장소,215,122,93,215,122,93,0,0,0
4691031000,2023-05-31,전라남도,신안군,증도면,1438,780,658,1449,784,665,11,4,7
4691031500,2023-05-31,전라남도,신안군,증도면병풍출장소,303,174,129,302,173,129,-1,-1,0
4691032000,2023-05-31,전라남도,신안군,임자면,3157,1677,1480,3193,1689,1504,36,12,24
4691033000,2023-05-31,전라남도,신안군,자은면,2238,1209,1029,2234,1205,1029,-4,-4,0
4691034000,2023-05-31,전라남도,신안군,비금면,3500,1873,1627,3514,1880,1634,14,7,7
4691035000,2023-05-31,전라남도,신안군,도초면,2443,1268,1175,2461,1281,1180,18,13,5
4691035500,2023-05-31,전라남도,신안군,도초면우이도출장소,220,129,91,219,129,90,-1,0,-1
4691036000,2023-05-31,전라남도,신안군,흑산면,2145,1237,908,2152,1242,910,7,5,2
4691036500,2023-05-31,전라남도,신안군,흑산면가거도출장소,411,271,140,411,271,140,0,0,0
4691036600,2023-05-31,전라남도,신안군,흑산면태도출장소,192,112,80,194,112,82,2,0,2
4691036700,2023-05-31,전라남도,신안군,흑산면홍도출장소,440,248,192,444,248,196,4,0,4
4691036800,2023-05-31,전라남도,신안군,흑산면대둔도출장소,285,170,115,283,168,115,-2,-2,0
4691037000,2023-05-31,전라남도,신안군,하의면,1654,902,752,1650,902,748,-4,0,-4
4691038000,2023-05-31,전라남도,신안군,신의면,1489,820,669,1485,817,668,-4,-3,-1
4691039000,2023-05-31,전라남도,신안군,장산면,1502,817,685,1497,812,685,-5,-5,0
4691040000,2023-05-31,전라남도,신안군,안좌면,2861,1494,1367,2871,1497,1374,10,3,7
4691040500,2023-05-31,전라남도,신안군,안좌면자라출장소,311,166,145,317,168,149,6,2,4
4691041000,2023-05-31,전라남도,신안군,팔금면,936,475,461,940,476,464,4,1,3
4691042000,2023-05-31,전라남도,신안군,암태면,1943,1012,931,1944,1011,933,1,-1,2
4711125000,2023-05-31,경상북도,포항시 남구,구룡포읍,7000,3543,3457,6977,3533,3444,-23,-10,-13
4711125300,2023-05-31,경상북도,포항시 남구,연일읍,29628,15051,14577,29512,14967,14545,-116,-84,-32
4711125600,2023-05-31,경상북도,포항시 남구,오천읍,55639,29844,25795,56345,30205,26140,706,361,345
4711131000,2023-05-31,경상북도,포항시 남구,대송면,3280,1710,1570,3271,1702,1569,-9,-8,-1
4711132000,2023-05-31,경상북도,포항시 남구,동해면,9672,4885,4787,9604,4855,4749,-68,-30,-38
4711133000,2023-05-31,경상북도,포항시 남구,장기면,3916,1920,1996,3899,1914,1985,-17,-6,-11
4711135000,2023-05-31,경상북도,포항시 남구,호미곶면,1764,854,910,1755,851,904,-9,-3,-6
4711152500,2023-05-31,경상북도,포항시 남구,상대동,24367,12764,11603,24328,12754,11574,-39,-10,-29
4711154500,2023-05-31,경상북도,포항시 남구,해도동,16747,8590,8157,16688,8564,8124,-59,-26,-33
4711155000,2023-05-31,경상북도,포항시 남구,송도동,11860,5922,5938,11815,5899,5916,-45,-23,-22
4711156000,2023-05-31,경상북도,포항시 남구,청림동,4772,2586,2186,4793,2613,2180,21,27,-6
4711157000,2023-05-31,경상북도,포항시 남구,제철동,2785,1639,1146,2737,1606,1131,-48,-33,-15
4711158000,2023-05-31,경상북도,포항시 남구,효곡동,30008,15297,14711,29998,15295,14703,-10,-2,-8
4711159000,2023-05-31,경상북도,포항시 남구,대이동,25008,12751,12257,24938,12715,12223,-70,-36,-34
4711325000,2023-05-31,경상북도,포항시 북구,흥해읍,40093,20033,20060,40037,19979,20058,-56,-54,-2
4711331000,2023-05-31,경상북도,포항시 북구,신광면,2866,1429,1437,2872,1431,1441,6,2,4
4711332000,2023-05-31,경상북도,포항시 북구,청하면,4621,2276,2345,4615,2278,2337,-6,2,-8
4711333000,2023-05-31,경상북도,포항시 북구,송라면,2437,1166,1271,2426,1160,1266,-11,-6,-5
4711334000,2023-05-31,경상북도,포항시 북구,기계면,4948,2419,2529,4945,2419,2526,-3,0,-3
4711335000,2023-05-31,경상북도,포항시 북구,죽장면,2103,1048,1055,2093,1041,1052,-10,-7,-3
4711335500,2023-05-31,경상북도,포항시 북구,죽장면상옥출장소,613,315,298,616,319,297,3,4,-1
4711336000,2023-05-31,경상북도,포항시 북구,기북면,1308,654,654,1303,650,653,-5,-4,-1
4711352000,2023-05-31,경상북도,포항시 북구,중앙동,14849,7333,7516,14837,7325,7512,-12,-8,-4
4711363000,2023-05-31,경상북도,포항시 북구,양학동,16150,7974,8176,16147,7963,8184,-3,-11,8
4711365500,2023-05-31,경상북도,포항시 북구,죽도동,19674,9754,9920,19620,9731,9889,-54,-23,-31
4711366500,2023-05-31,경상북도,포항시 북구,용흥동,21419,10476,10943,21361,10450,10911,-58,-26,-32
4711368000,2023-05-31,경상북도,포항시 북구,우창동,33033,16125,16908,33012,16114,16898,-21,-11,-10
4711369000,2023-05-31,경상북도,포항시 북구,두호동,22481,11055,11426,22428,11042,11386,-53,-13,-40
4711370000,2023-05-31,경상북도,포항시 북구,장량동,71642,36414,35228,71634,36423,35211,-8,9,-17
4711371000,2023-05-31,경상북도,포항시 북구,환여동,9231,4536,4695,9211,4519,4692,-20,-17,-3
4713025000,2023-05-31,경상북도,경주시,감포읍,5331,2659,2672,5323,2654,2669,-8,-5,-3
4713025300,2023-05-31,경상북도,경주시,안강읍,23468,11607,11861,23413,11581,11832,-55,-26,-29
4713025600,2023-05-31,경상북도,경주시,건천읍,9097,4616,4481,9084,4603,4481,-13,-13,0
4713025900,2023-05-31,경상북도,경주시,외동읍,22046,11643,10403,22073,11647,10426,27,4,23
4713031500,2023-05-31,경상북도,경주시,문무대왕면,4107,2151,1956,4164,2174,1990,57,23,34
4713032000,2023-05-31,경상북도,경주시,양남면,6358,3358,3000,6382,3370,3012,24,12,12
4713033000,2023-05-31,경상북도,경주시,내남면,4566,2319,2247,4559,2311,2248,-7,-8,1
4713034000,2023-05-31,경상북도,경주시,산내면,3241,1610,1631,3240,1612,1628,-1,2,-3
4713035000,2023-05-31,경상북도,경주시,서면,3069,1561,1508,3068,1559,1509,-1,-2,1
4713036000,2023-05-31,경상북도,경주시,현곡면,21553,10588,10965,21572,10598,10974,19,10,9
4713037000,2023-05-31,경상북도,경주시,강동면,6057,3093,2964,6080,3102,2978,23,9,14
4713038000,2023-05-31,경상북도,경주시,천북면,5782,3032,2750,5774,3031,2743,-8,-1,-7
4713051500,2023-05-31,경상북도,경주시,중부동,4896,2427,2469,4875,2418,2457,-21,-9,-12
4713053000,2023-05-31,경상북도,경주시,황오동,5982,2879,3103,5992,2879,3113,10,0,10
4713055000,2023-05-31,경상북도,경주시,성건동,13761,6866,6895,13768,6877,6891,7,11,-4
4713057000,2023-05-31,경상북도,경주시,황남동,4216,2085,2131,4202,2073,2129,-14,-12,-2
4713059000,2023-05-31,경상북도,경주시,선도동,14561,7331,7230,14545,7327,7218,-16,-4,-12
4713060500,2023-05-31,경상북도,경주시,월성동,5667,2778,2889,5648,2767,2881,-19,-11,-8
4713061500,2023-05-31,경상북도,경주시,용강동,23894,11735,12159,23874,11734,12140,-20,-1,-19
4713062100,2023-05-31,경상북도,경주시,황성동,27780,13561,14219,27761,13548,14213,-19,-13,-6
4713063000,2023-05-31,경상북도,경주시,동천동,21776,10881,10895,21776,10877,10899,0,-4,4
4713065000,2023-05-31,경상북도,경주시,불국동,9845,4872,4973,9861,4886,4975,16,14,2
4713066000,2023-05-31,경상북도,경주시,보덕동,1684,825,859,1692,829,863,8,4,4
4715025000,2023-05-31,경상북도,김천시,아포읍,7860,3952,3908,7849,3941,3908,-11,-11,0
4715031000,2023-05-31,경상북도,김천시,농소면,3146,1644,1502,3126,1632,1494,-20,-12,-8
4715032000,2023-05-31,경상북도,김천시,남면,3063,1579,1484,3064,1581,1483,1,2,-1
4715034000,2023-05-31,경상북도,김천시,개령면,2348,1196,1152,2348,1198,1150,0,2,-2
4715035000,2023-05-31,경상북도,김천시,감문면,3242,1616,1626,3250,1621,1629,8,5,3
4715036000,2023-05-31,경상북도,김천시,어모면,4020,2071,1949,4007,2064,1943,-13,-7,-6
4715037000,2023-05-31,경상북도,김천시,봉산면,2964,1544,1420,2961,1544,1417,-3,0,-3
4715038000,2023-05-31,경상북도,김천시,대항면,3369,1706,1663,3369,1710,1659,0,4,-4
4715039000,2023-05-31,경상북도,김천시,감천면,1871,958,913,1861,955,906,-10,-3,-7
4715040000,2023-05-31,경상북도,김천시,조마면,2208,1111,1097,2197,1106,1091,-11,-5,-6
4715041000,2023-05-31,경상북도,김천시,구성면,2701,1356,1345,2705,1358,1347,4,2,2
4715042000,2023-05-31,경상북도,김천시,지례면,1498,744,754,1487,738,749,-11,-6,-5
4715043000,2023-05-31,경상북도,김천시,부항면,1229,613,616,1228,613,615,-1,0,-1
4715044000,2023-05-31,경상북도,김천시,대덕면,2267,1124,1143,2266,1125,1141,-1,1,-2
4715045000,2023-05-31,경상북도,김천시,증산면,995,481,514,995,482,513,0,1,-1
4715051600,2023-05-31,경상북도,김천시,자산동,6307,3200,3107,6286,3188,3098,-21,-12,-9
4715053600,2023-05-31,경상북도,김천시,평화남산동,7228,3533,3695,7225,3525,3700,-3,-8,5
4715056500,2023-05-31,경상북도,김천시,양금동,3700,1798,1902,3694,1799,1895,-6,1,-7
4715057500,2023-05-31,경상북도,김천시,대신동,24786,12248,12538,24755,12232,12523,-31,-16,-15
4715059500,2023-05-31,경상북도,김천시,대곡동,19915,10045,9870,19897,10047,9850,-18,2,-20
4715061000,2023-05-31,경상북도,김천시,지좌동,10847,5539,5308,10866,5564,5302,19,25,-6
4715064000,2023-05-31,경상북도,김천시,율곡동,23400,11744,11656,23441,11759,11682,41,15,26
4717025000,2023-05-31,경상북도,안동시,풍산읍,6226,3167,3059,6220,3157,3063,-6,-10,4
4717031000,2023-05-31,경상북도,안동시,와룡면,3921,2034,1887,3924,2034,1890,3,0,3
4717032000,2023-05-31,경상북도,안동시,북후면,2836,1483,1353,2826,1474,1352,-10,-9,-1
4717033000,2023-05-31,경상북도,안동시,서후면,3497,1842,1655,3515,1855,1660,18,13,5
4717034000,2023-05-31,경상북도,안동시,풍천면,7201,3667,3534,7182,3664,3518,-19,-3,-16
4717035000,2023-05-31,경상북도,안동시,일직면,2577,1243,1334,2554,1234,1320,-23,-9,-14
4717036000,2023-05-31,경상북도,안동시,남후면,1660,835,825,1665,839,826,5,4,1
4717037000,2023-05-31,경상북도,안동시,남선면,2038,1050,988,2032,1043,989,-6,-7,1
4717038000,2023-05-31,경상북도,안동시,임하면,2694,1423,1271,2689,1419,1270,-5,-4,-1
4717039000,2023-05-31,경상북도,안동시,길안면,2654,1350,1304,2641,1341,1300,-13,-9,-4
4717040000,2023-05-31,경상북도,안동시,임동면,1676,871,805,1669,865,804,-7,-6,-1
4717041000,2023-05-31,경상북도,안동시,예안면,1761,908,853,1753,907,846,-8,-1,-7
4717042000,2023-05-31,경상북도,안동시,도산면,1491,785,706,1484,782,702,-7,-3,-4
4717043000,2023-05-31,경상북도,안동시,녹전면,1670,861,809,1666,859,807,-4,-2,-2
4717051000,2023-05-31,경상북도,안동시,중구동,4929,2422,2507,4900,2411,2489,-29,-11,-18
4717052000,2023-05-31,경상북도,안동시,명륜동,4847,2336,2511,4837,2325,2512,-10,-11,1
4717055500,2023-05-31,경상북도,안동시,용상동,21778,10838,10940,21858,10852,11006,80,14,66
4717058500,2023-05-31,경상북도,안동시,서구동,8593,4119,4474,8569,4112,4457,-24,-7,-17
4717060000,2023-05-31,경상북도,안동시,태화동,12553,6206,6347,12517,6191,6326,-36,-15,-21
4717062000,2023-05-31,경상북도,안동시,평화동,6050,2900,3150,6056,2902,3154,6,2,4
4717063000,2023-05-31,경상북도,안동시,안기동,6062,3004,3058,6075,3005,3070,13,1,12
4717065000,2023-05-31,경상북도,안동시,옥동,20878,9866,11012,20878,9872,11006,0,6,-6
4717066000,2023-05-31,경상북도,안동시,송하동,15786,7696,8090,15755,7667,8088,-31,-29,-2
4717069000,2023-05-31,경상북도,안동시,강남동,10565,5199,5366,10578,5197,5381,13,-2,15
4719025000,2023-05-31,경상북도,구미시,선산읍,14187,7021,7166,14178,7021,7157,-9,0,-9
4719025300,2023-05-31,경상북도,구미시,고아읍,38130,19177,18953,38130,19179,18951,0,2,-2
4719025600,2023-05-31,경상북도,구미시,산동읍,27271,14210,13061,27308,14227,13081,37,17,20
4719031000,2023-05-31,경상북도,구미시,무을면,1818,912,906,1813,910,903,-5,-2,-3
4719032000,2023-05-31,경상북도,구미시,옥성면,1680,864,816,1678,862,816,-2,-2,0
4719033000,2023-05-31,경상북도,구미시,도개면,2119,1091,1028,2115,1087,1028,-4,-4,0
4719034000,2023-05-31,경상북도,구미시,해평면,3879,2062,1817,3868,2056,1812,-11,-6,-5
4719036000,2023-05-31,경상북도,구미시,장천면,2889,1489,1400,2874,1484,1390,-15,-5,-10
4719051000,2023-05-31,경상북도,구미시,송정동,23359,11478,11881,23337,11445,11892,-22,-33,11
4719053500,2023-05-31,경상북도,구미시,원평동,5896,3227,2669,5877,3215,2662,-19,-12,-7
4719055100,2023-05-31,경상북도,구미시,도량동,28184,13689,14495,28134,13663,14471,-50,-26,-24
4719055500,2023-05-31,경상북도,구미시,지산동,2015,1038,977,1999,1027,972,-16,-11,-5
4719056500,2023-05-31,경상북도,구미시,선주원남동,38354,19431,18923,38326,19425,18901,-28,-6,-22
4719058200,2023-05-31,경상북도,구미시,형곡1동,13560,6667,6893,13504,6646,6858,-56,-21,-35
4719058300,2023-05-31,경상북도,구미시,형곡2동,16206,8063,8143,16155,8037,8118,-51,-26,-25
4719059000,2023-05-31,경상북도,구미시,신평1동,4198,2343,1855,4310,2420,1890,112,77,35
4719060000,2023-05-31,경상북도,구미시,신평2동,3019,1616,1403,3033,1620,1413,14,4,10
4719061000,2023-05-31,경상북도,구미시,비산동,12955,6780,6175,12942,6776,6166,-13,-4,-9
4719063000,2023-05-31,경상북도,구미시,광평동,4233,2314,1919,4222,2312,1910,-11,-2,-9
4719064500,2023-05-31,경상북도,구미시,상모사곡동,30360,15919,14441,30352,15914,14438,-8,-5,-3
4719066000,2023-05-31,경상북도,구미시,임오동,18270,9545,8725,18233,9538,8695,-37,-7,-30
4719067000,2023-05-31,경상북도,구미시,인동동,47306,24734,22572,47300,24759,22541,-6,25,-31
4719068000,2023-05-31,경상북도,구미시,진미동,16958,9478,7480,16961,9476,7485,3,-2,5
4719069000,2023-05-31,경상북도,구미시,양포동,45870,24182,21688,45860,24198,21662,-10,16,-26
4719070000,2023-05-31,경상북도,구미시,공단동,4260,2360,1900,4276,2372,1904,16,12,4
4721025000,2023-05-31,경상북도,영주시,풍기읍,10497,5252,5245,10483,5249,5234,-14,-3,-11
4721031000,2023-05-31,경상북도,영주시,이산면,2239,1155,1084,2229,1145,1084,-10,-10,0
4721032000,2023-05-31,경상북도,영주시,평은면,1427,731,696,1421,726,695,-6,-5,-1
4721033000,2023-05-31,경상북도,영주시,문수면,1932,1002,930,1943,1009,934,11,7,4
4721034000,2023-05-31,경상북도,영주시,장수면,2092,1070,1022,2093,1073,1020,1,3,-2
4721035000,2023-05-31,경상북도,영주시,안정면,2851,1425,1426,2843,1422,1421,-8,-3,-5
4721036000,2023-05-31,경상북도,영주시,봉현면,2606,1322,1284,2614,1322,1292,8,0,8
4721037000,2023-05-31,경상북도,영주시,순흥면,1926,982,944,1928,983,945,2,1,1
4721038000,2023-05-31,경상북도,영주시,단산면,1801,882,919,1784,872,912,-17,-10,-7
4721039000,2023-05-31,경상북도,영주시,부석면,2882,1437,1445,2873,1430,1443,-9,-7,-2
4721051000,2023-05-31,경상북도,영주시,상망동,7260,3605,3655,7247,3607,3640,-13,2,-15
4721052500,2023-05-31,경상북도,영주시,하망동,5813,2762,3051,5813,2764,3049,0,2,-2
4721055000,2023-05-31,경상북도,영주시,영주1동,3714,1822,1892,3693,1807,1886,-21,-15,-6
4721056000,2023-05-31,경상북도,영주시,영주2동,4674,2246,2428,4657,2237,2420,-17,-9,-8
4721059000,2023-05-31,경상북도,영주시,휴천1동,6302,3117,3185,6280,3106,3174,-22,-11,-11
4721060000,2023-05-31,경상북도,영주시,휴천2동,9737,4816,4921,9703,4790,4913,-34,-26,-8
4721061000,2023-05-31,경상북도,영주시,휴천3동,7347,3580,3767,7344,3588,3756,-3,8,-11
4721062000,2023-05-31,경상북도,영주시,가흥1동,15410,7732,7678,15425,7750,7675,15,18,-3
4721063000,2023-05-31,경상북도,영주시,가흥2동,10236,5017,5219,10237,5018,5219,1,1,0
4723025000,2023-05-31,경상북도,영천시,금호읍,10519,5541,4978,10478,5526,4952,-41,-15,-26
4723031000,2023-05-31,경상북도,영천시,청통면,4006,2107,1899,4007,2110,1897,1,3,-2
4723032000,2023-05-31,경상북도,영천시,신녕면,3704,1834,1870,3695,1830,1865,-9,-4,-5
4723033000,2023-05-31,경상북도,영천시,화산면,3116,1616,1500,3099,1606,1493,-17,-10,-7
4723034000,2023-05-31,경상북도,영천시,화북면,2181,1079,1102,2184,1084,1100,3,5,-2
4723035000,2023-05-31,경상북도,영천시,화남면,3223,1711,1512,3217,1710,1507,-6,-1,-5
4723036000,2023-05-31,경상북도,영천시,자양면,1280,656,624,1278,650,628,-2,-6,4
4723037000,2023-05-31,경상북도,영천시,임고면,4121,2121,2000,4138,2125,2013,17,4,13
4723038000,2023-05-31,경상북도,영천시,고경면,5710,3093,2617,5702,3089,2613,-8,-4,-4
4723039000,2023-05-31,경상북도,영천시,북안면,4378,2290,2088,4387,2293,2094,9,3,6
4723040000,2023-05-31,경상북도,영천시,대창면,3045,1605,1440,3035,1599,1436,-10,-6,-4
4723051000,2023-05-31,경상북도,영천시,동부동,27661,13633,14028,27557,13582,13975,-104,-51,-53
4723052000,2023-05-31,경상북도,영천시,중앙동,9446,4745,4701,9462,4762,4700,16,17,-1
4723053500,2023-05-31,경상북도,영천시,서부동,4627,2324,2303,4606,2321,2285,-21,-3,-18
4723054000,2023-05-31,경상북도,영천시,완산동,9949,4880,5069,10012,4911,5101,63,31,32
4723055500,2023-05-31,경상북도,영천시,남부동,3999,2171,1828,3999,2176,1823,0,5,-5
4725025000,2023-05-31,경상북도,상주시,함창읍,6245,3036,3209,6222,3026,3196,-23,-10,-13
4725031000,2023-05-31,경상북도,상주시,중동면,1337,659,678,1335,658,677,-2,-1,-1
4725032500,2023-05-31,경상북도,상주시,사벌국면,3741,1849,1892,3738,1845,1893,-3,-4,1
4725033000,2023-05-31,경상북도,상주시,낙동면,2892,1418,1474,2889,1414,1475,-3,-4,1
4725033500,2023-05-31,경상북도,상주시,낙동면동부출장소,988,494,494,990,492,498,2,-2,4
4725034000,2023-05-31,경상북도,상주시,청리면,2544,1243,1301,2536,1238,1298,-8,-5,-3
4725035000,2023-05-31,경상북도,상주시,공성면,3870,1907,1963,3858,1910,1948,-12,3,-15
4725036000,2023-05-31,경상북도,상주시,외남면,1587,797,790,1588,797,791,1,0,1
4725037000,2023-05-31,경상북도,상주시,내서면,1886,971,915,1872,963,909,-14,-8,-6
4725038000,2023-05-31,경상북도,상주시,모동면,2568,1312,1256,2570,1314,1256,2,2,0
4725039000,2023-05-31,경상북도,상주시,모서면,1670,858,812,1673,858,815,3,0,3
4725039500,2023-05-31,경상북도,상주시,모서면서부출장소,730,354,376,730,355,375,0,1,-1
4725040000,2023-05-31,경상북도,상주시,화동면,1909,962,947,1900,957,943,-9,-5,-4
4725041000,2023-05-31,경상북도,상주시,화서면,2874,1400,1474,2883,1403,1480,9,3,6
4725042000,2023-05-31,경상북도,상주시,화북면,1172,587,585,1170,589,581,-2,2,-4
4725042600,2023-05-31,경상북도,상주시,화북면서부출장소,320,172,148,319,172,147,-1,0,-1
4725043000,2023-05-31,경상북도,상주시,외서면,2599,1230,1369,2594,1228,1366,-5,-2,-3
4725044000,2023-05-31,경상북도,상주시,은척면,1131,536,595,1126,535,591,-5,-1,-4
4725044500,2023-05-31,경상북도,상주시,은척면북부출장소,373,192,181,370,189,181,-3,-3,0
4725045000,2023-05-31,경상북도,상주시,공검면,2110,1009,1101,2106,1008,1098,-4,-1,-3
4725046000,2023-05-31,경상북도,상주시,이안면,1969,965,1004,1965,965,1000,-4,0,-4
4725047000,2023-05-31,경상북도,상주시,화남면,778,381,397,778,381,397,0,0,0
4725052000,2023-05-31,경상북도,상주시,남원동,11429,5696,5733,11454,5706,5748,25,10,15
4725053000,2023-05-31,경상북도,상주시,북문동,9303,4609,4694,9315,4607,4708,12,-2,14
4725054000,2023-05-31,경상북도,상주시,계림동,8935,4274,4661,8937,4275,4662,2,1,1
4725055000,2023-05-31,경상북도,상주시,동문동,7653,3717,3936,7641,3716,3925,-12,-1,-11
4725056000,2023-05-31,경상북도,상주시,동성동,3358,1620,1738,3365,1619,1746,7,-1,8
4725057000,2023-05-31,경상북도,상주시,신흥동,8675,4375,4300,8672,4365,4307,-3,-10,7
4728025000,2023-05-31,경상북도,문경시,문경읍,5747,2769,2978,5749,2768,2981,2,-1,3
4728025100,2023-05-31,경상북도,문경시,문경읍갈평출장소,1084,559,525,1080,557,523,-4,-2,-2
4728025300,2023-05-31,경상북도,문경시,가은읍,3158,1546,1612,3145,1535,1610,-13,-11,-2
4728025400,2023-05-31,경상북도,문경시,가은읍북부출장소,841,446,395,850,449,401,9,3,6
4728031000,2023-05-31,경상북도,문경시,영순면,2411,1294,1117,2400,1285,1115,-11,-9,-2
4728032000,2023-05-31,경상북도,문경시,산양면,3029,1550,1479,3023,1546,1477,-6,-4,-2
4728033000,2023-05-31,경상북도,문경시,호계면,2438,1191,1247,2426,1182,1244,-12,-9,-3
4728034000,2023-05-31,경상북도,문경시,산북면,2690,1351,1339,2693,1356,1337,3,5,-2
4728035000,2023-05-31,경상북도,문경시,동로면,1988,1023,965,1982,1021,961,-6,-2,-4
4728036000,2023-05-31,경상북도,문경시,마성면,3459,1654,1805,3456,1649,1807,-3,-5,2
4728037000,2023-05-31,경상북도,문경시,농암면,2541,1190,1351,2539,1196,1343,-2,6,-8
4728057000,2023-05-31,경상북도,문경시,점촌1동,5551,2699,2852,5536,2690,2846,-15,-9,-6
4728058000,2023-05-31,경상북도,문경시,점촌2동,6807,3289,3518,6785,3276,3509,-22,-13,-9
4728059000,2023-05-31,경상북도,문경시,점촌3동,8882,4390,4492,8866,4384,4482,-16,-6,-10
4728060000,2023-05-31,경상북도,문경시,점촌4동,2988,1512,1476,2983,1511,1472,-5,-1,-4
4728061000,2023-05-31,경상북도,문경시,점촌5동,16155,7867,8288,16127,7856,8271,-28,-11,-17
4729025000,2023-05-31,경상북도,경산시,하양읍,30829,15586,15243,30964,15656,15308,135,70,65
4729025300,2023-05-31,경상북도,경산시,진량읍,34691,18088,16603,34682,18080,16602,-9,-8,-1
4729025600,2023-05-31,경상북도,경산시,압량읍,20764,11040,9724,20752,11033,9719,-12,-7,-5
4729031000,2023-05-31,경상북도,경산시,와촌면,5484,2967,2517,5462,2956,2506,-22,-11,-11
4729033000,2023-05-31,경상북도,경산시,자인면,5406,2758,2648,5398,2748,2650,-8,-10,2
4729034000,2023-05-31,경상북도,경산시,용성면,3278,1738,1540,3275,1738,1537,-3,0,-3
4729035000,2023-05-31,경상북도,경산시,남산면,3711,1915,1796,3689,1904,1785,-22,-11,-11
4729037000,2023-05-31,경상북도,경산시,남천면,2836,1470,1366,2825,1461,1364,-11,-9,-2
4729051000,2023-05-31,경상북도,경산시,중방동,9380,4507,4873,9327,4484,4843,-53,-23,-30
4729052000,2023-05-31,경상북도,경산시,중앙동,6180,3057,3123,6178,3066,3112,-2,9,-11
4729053000,2023-05-31,경상북도,경산시,남부동,19534,9626,9908,19473,9595,9878,-61,-31,-30
4729054100,2023-05-31,경상북도,경산시,서부1동,34586,16468,18118,34494,16424,18070,-92,-44,-48
4729054200,2023-05-31,경상북도,경산시,서부2동,35686,17068,18618,35598,17029,18569,-88,-39,-49
4729055000,2023-05-31,경상북도,경산시,북부동,16878,9255,7623,16904,9271,7633,26,16,10
4729056000,2023-05-31,경상북도,경산시,동부동,38488,19222,19266,38507,19205,19302,19,-17,36
4772025000,2023-05-31,경상북도,군위군,군위읍,8172,4226,3946,8162,4225,3937,-10,-1,-9
4772031000,2023-05-31,경상북도,군위군,소보면,2311,1213,1098,2311,1213,1098,0,0,0
4772032000,2023-05-31,경상북도,군위군,효령면,3837,1996,1841,3822,1987,1835,-15,-9,-6
4772033000,2023-05-31,경상북도,군위군,부계면,2099,1082,1017,2092,1078,1014,-7,-4,-3
4772034000,2023-05-31,경상북도,군위군,우보면,1962,992,970,1964,996,968,2,4,-2
4772035000,2023-05-31,경상북도,군위군,의흥면,2346,1142,1204,2348,1142,1206,2,0,2
4772036000,2023-05-31,경상북도,군위군,산성면,1199,609,590,1197,608,589,-2,-1,-1
4772038000,2023-05-31,경상북도,군위군,삼국유사면,1319,694,625,1323,696,627,4,2,2
4773025000,2023-05-31,경상북도,의성군,의성읍,12734,6265,6469,12729,6269,6460,-5,4,-9
4773031000,2023-05-31,경상북도,의성군,단촌면,1891,944,947,1889,943,946,-2,-1,-1
4773032000,2023-05-31,경상북도,의성군,점곡면,1567,771,796,1567,772,795,0,1,-1
4773033000,2023-05-31,경상북도,의성군,옥산면,1740,877,863,1744,876,868,4,-1,5
4773034000,2023-05-31,경상북도,의성군,사곡면,1554,761,793,1568,768,800,14,7,7
4773035000,2023-05-31,경상북도,의성군,춘산면,1484,753,731,1491,759,732,7,6,1
4773036000,2023-05-31,경상북도,의성군,가음면,1460,737,723,1459,735,724,-1,-2,1
4773037000,2023-05-31,경상북도,의성군,금성면,4180,2046,2134,4192,2048,2144,12,2,10
4773038000,2023-05-31,경상북도,의성군,봉양면,3884,1926,1958,3897,1937,1960,13,11,2
4773039000,2023-05-31,경상북도,의성군,비안면,2555,1262,1293,2555,1263,1292,0,1,-1
4773040000,2023-05-31,경상북도,의성군,구천면,1738,866,872,1735,865,870,-3,-1,-2
4773041000,2023-05-31,경상북도,의성군,단밀면,1657,828,829,1667,830,837,10,2,8
4773042000,2023-05-31,경상북도,의성군,단북면,1755,846,909,1746,844,902,-9,-2,-7
4773043000,2023-05-31,경상북도,의성군,안계면,4420,2137,2283,4421,2139,2282,1,2,-1
4773044000,2023-05-31,경상북도,의성군,다인면,3710,1821,1889,3723,1829,1894,13,8,5
4773045000,2023-05-31,경상북도,의성군,신평면,799,391,408,803,394,409,4,3,1
4773046000,2023-05-31,경상북도,의성군,안평면,2109,1060,1049,2112,1062,1050,3,2,1
4773047000,2023-05-31,경상북도,의성군,안사면,844,416,428,845,416,429,1,0,1
4775025000,2023-05-31,경상북도,청송군,청송읍,5074,2498,2576,5056,2495,2561,-18,-3,-15
4775031500,2023-05-31,경상북도,청송군,주왕산면,1794,902,892,1796,904,892,2,2,0
4775032000,2023-05-31,경상북도,청송군,부남면,2389,1197,1192,2389,1199,1190,0,2,-2
4775033000,2023-05-31,경상북도,청송군,현동면,2046,1044,1002,2041,1043,998,-5,-1,-4
4775034000,2023-05-31,경상북도,청송군,현서면,2469,1236,1233,2464,1234,1230,-5,-2,-3
4775035000,2023-05-31,경상북도,청송군,안덕면,2526,1243,1283,2524,1245,1279,-2,2,-4
4775036000,2023-05-31,경상북도,청송군,파천면,1720,867,853,1714,862,852,-6,-5,-1
4775037000,2023-05-31,경상북도,청송군,진보면,6188,3157,3031,6187,3160,3027,-1,3,-4
4776025000,2023-05-31,경상북도,영양군,영양읍,7001,3442,3559,6989,3436,3553,-12,-6,-6
4776031000,2023-05-31,경상북도,영양군,입암면,2024,995,1029,2024,996,1028,0,1,-1
4776032000,2023-05-31,경상북도,영양군,청기면,1614,831,783,1604,824,780,-10,-7,-3
4776033000,2023-05-31,경상북도,영양군,일월면,1690,848,842,1696,852,844,6,4,2
4776034000,2023-05-31,경상북도,영양군,수비면,1639,833,806,1643,832,811,4,-1,5
4776035000,2023-05-31,경상북도,영양군,석보면,1952,990,962,1945,985,960,-7,-5,-2
4777025000,2023-05-31,경상북도,영덕군,영덕읍,10509,5059,5450,10483,5046,5437,-26,-13,-13
4777031000,2023-05-31,경상북도,영덕군,강구면,5912,2786,3126,5884,2772,3112,-28,-14,-14
4777032000,2023-05-31,경상북도,영덕군,남정면,2274,1112,1162,2271,1115,1156,-3,3,-6
4777033000,2023-05-31,경상북도,영덕군,달산면,1090,506,584,1083,504,579,-7,-2,-5
4777034000,2023-05-31,경상북도,영덕군,지품면,1406,696,710,1403,694,709,-3,-2,-1
4777034500,2023-05-31,경상북도,영덕군,지품면원전출장소,529,252,277,534,256,278,5,4,1
4777035000,2023-05-31,경상북도,영덕군,축산면,892,426,466,884,421,463,-8,-5,-3
4777035500,2023-05-31,경상북도,영덕군,축산면축산출장소,1571,737,834,1569,733,836,-2,-4,2
4777036000,2023-05-31,경상북도,영덕군,영해면,6147,2835,3312,6134,2838,3296,-13,3,-16
4777037000,2023-05-31,경상북도,영덕군,병곡면,2629,1258,1371,2629,1260,1369,0,2,-2
4777038000,2023-05-31,경상북도,영덕군,창수면,1545,756,789,1544,754,790,-1,-2,1
4782025000,2023-05-31,경상북도,청도군,화양읍,7195,3515,3680,7195,3514,3681,0,-1,1
4782025100,2023-05-31,경상북도,청도군,화양읍남성현출장소,1117,565,552,1119,564,555,2,-1,3
4782025300,2023-05-31,경상북도,청도군,청도읍,10006,4905,5101,9978,4895,5083,-28,-10,-18
4782025400,2023-05-31,경상북도,청도군,청도읍유호출장소,1545,748,797,1549,754,795,4,6,-2
4782031000,2023-05-31,경상북도,청도군,각남면,2152,1039,1113,2149,1037,1112,-3,-2,-1
4782032000,2023-05-31,경상북도,청도군,풍각면,3799,1864,1935,3799,1870,1929,0,6,-6
4782033000,2023-05-31,경상북도,청도군,각북면,2297,1156,1141,2300,1157,1143,3,1,2
4782034000,2023-05-31,경상북도,청도군,이서면,4541,2214,2327,4527,2209,2318,-14,-5,-9
4782035000,2023-05-31,경상북도,청도군,운문면,2009,1023,986,2003,1020,983,-6,-3,-3
4782036000,2023-05-31,경상북도,청도군,금천면,3251,1658,1593,3250,1658,1592,-1,0,-1
4782037000,2023-05-31,경상북도,청도군,매전면,3749,1879,1870,3743,1872,1871,-6,-7,1
4783025300,2023-05-31,경상북도,고령군,대가야읍,9739,4918,4821,9728,4923,4805,-11,5,-16
4783031000,2023-05-31,경상북도,고령군,덕곡면,1418,720,698,1420,722,698,2,2,0
4783032000,2023-05-31,경상북도,고령군,운수면,1792,902,890,1783,896,887,-9,-6,-3
4783033000,2023-05-31,경상북도,고령군,성산면,2509,1368,1141,2518,1374,1144,9,6,3
4783034000,2023-05-31,경상북도,고령군,다산면,8107,4206,3901,8096,4185,3911,-11,-21,10
4783035000,2023-05-31,경상북도,고령군,개진면,1900,1035,865,1889,1030,859,-11,-5,-6
4783036000,2023-05-31,경상북도,고령군,우곡면,1569,818,751,1555,814,741,-14,-4,-10
4783037000,2023-05-31,경상북도,고령군,쌍림면,3281,1625,1656,3281,1617,1664,0,-8,8
4784025000,2023-05-31,경상북도,성주군,성주읍,13284,6724,6560,13258,6699,6559,-26,-25,-1
4784031000,2023-05-31,경상북도,성주군,선남면,6141,3351,2790,6140,3359,2781,-1,8,-9
4784032000,2023-05-31,경상북도,성주군,용암면,3654,2016,1638,3663,2027,1636,9,11,-2
4784033000,2023-05-31,경상북도,성주군,수륜면,3215,1617,1598,3212,1622,1590,-3,5,-8
4784034000,2023-05-31,경상북도,성주군,가천면,1995,1006,989,1991,1004,987,-4,-2,-2
4784035000,2023-05-31,경상북도,성주군,금수면,1190,629,561,1181,623,558,-9,-6,-3
4784036000,2023-05-31,경상북도,성주군,대가면,2364,1193,1171,2354,1190,1164,-10,-3,-7
4784037000,2023-05-31,경상북도,성주군,벽진면,3021,1578,1443,3020,1576,1444,-1,-2,1
4784038000,2023-05-31,경상북도,성주군,초전면,4401,2272,2129,4410,2277,2133,9,5,4
4784039000,2023-05-31,경상북도,성주군,월항면,3277,1774,1503,3272,1774,1498,-5,0,-5
4785025000,2023-05-31,경상북도,칠곡군,왜관읍,31842,15997,15845,31734,15943,15791,-108,-54,-54
4785025300,2023-05-31,경상북도,칠곡군,북삼읍,23983,12528,11455,24000,12538,11462,17,10,7
4785025600,2023-05-31,경상북도,칠곡군,석적읍,31238,17044,14194,31248,17066,14182,10,22,-12
4785031000,2023-05-31,경상북도,칠곡군,지천면,3920,2116,1804,3916,2115,1801,-4,-1,-3
4785032000,2023-05-31,경상북도,칠곡군,동명면,5223,2660,2563,5208,2653,2555,-15,-7,-8
4785033000,2023-05-31,경상북도,칠곡군,가산면,3315,1794,1521,3306,1783,1523,-9,-11,2
4785036000,2023-05-31,경상북도,칠곡군,약목면,9134,4730,4404,9120,4724,4396,-14,-6,-8
4785037000,2023-05-31,경상북도,칠곡군,기산면,3070,1617,1453,3061,1608,1453,-9,-9,0
4790025000,2023-05-31,경상북도,예천군,예천읍,14224,7021,7203,14217,7004,7213,-7,-17,10
4790031000,2023-05-31,경상북도,예천군,용문면,2224,1130,1094,2210,1128,1082,-14,-2,-12
4790034000,2023-05-31,경상북도,예천군,감천면,2541,1276,1265,2534,1270,1264,-7,-6,-1
4790035000,2023-05-31,경상북도,예천군,보문면,1631,807,824,1633,812,821,2,5,-3
4790036000,2023-05-31,경상북도,예천군,호명면,20658,10071,10587,20701,10097,10604,43,26,17
4790037000,2023-05-31,경상북도,예천군,유천면,2499,1254,1245,2509,1268,1241,10,14,-4
4790038000,2023-05-31,경상북도,예천군,용궁면,2337,1134,1203,2332,1129,1203,-5,-5,0
4790039000,2023-05-31,경상북도,예천군,개포면,1485,728,757,1480,725,755,-5,-3,-2
4790040000,2023-05-31,경상북도,예천군,지보면,2621,1305,1316,2629,1308,1321,8,3,5
4790041000,2023-05-31,경상북도,예천군,풍양면,2944,1401,1543,2930,1393,1537,-14,-8,-6
4790042000,2023-05-31,경상북도,예천군,효자면,1189,598,591,1182,595,587,-7,-3,-4
4790043000,2023-05-31,경상북도,예천군,은풍면,1317,664,653,1313,660,653,-4,-4,0
4792025000,2023-05-31,경상북도,봉화군,봉화읍,9526,4679,4847,9523,4674,4849,-3,-5,2
4792031000,2023-05-31,경상북도,봉화군,물야면,2966,1523,1443,2952,1514,1438,-14,-9,-5
4792032000,2023-05-31,경상북도,봉화군,봉성면,2017,974,1043,2011,972,1039,-6,-2,-4
4792033000,2023-05-31,경상북도,봉화군,법전면,1952,1006,946,1950,1005,945,-2,-1,-1
4792034000,2023-05-31,경상북도,봉화군,춘양면,4290,2157,2133,4301,2168,2133,11,11,0
4792035000,2023-05-31,경상북도,봉화군,소천면,2123,1092,1031,2119,1094,1025,-4,2,-6
4792036000,2023-05-31,경상북도,봉화군,재산면,1430,728,702,1435,729,706,5,1,4
4792037000,2023-05-31,경상북도,봉화군,명호면,2176,1164,1012,2175,1165,1010,-1,1,-2
4792038000,2023-05-31,경상북도,봉화군,상운면,1656,853,803,1646,846,800,-10,-7,-3
4792039000,2023-05-31,경상북도,봉화군,석포면,1903,1102,801,1907,1105,802,4,3,1
4793025000,2023-05-31,경상북도,울진군,울진읍,13557,6858,6699,13563,6864,6699,6,6,0
4793025300,2023-05-31,경상북도,울진군,평해읍,2578,1225,1353,2569,1219,1350,-9,-6,-3
4793031000,2023-05-31,경상북도,울진군,북면,6803,3645,3158,6823,3646,3177,20,1,19
4793031500,2023-05-31,경상북도,울진군,북면하당출장소,664,334,330,661,334,327,-3,0,-3
4793033000,2023-05-31,경상북도,울진군,근남면,2729,1386,1343,2728,1386,1342,-1,0,-1
4793035000,2023-05-31,경상북도,울진군,기성면,2375,1153,1222,2379,1152,1227,4,-1,5
4793036000,2023-05-31,경상북도,울진군,온정면,1624,788,836,1620,787,833,-4,-1,-3
4793037000,2023-05-31,경상북도,울진군,죽변면,6165,3205,2960,6164,3207,2957,-1,2,-3
4793038000,2023-05-31,경상북도,울진군,후포면,7202,3527,3675,7200,3526,3674,-2,-1,-1
4793039000,2023-05-31,경상북도,울진군,금강송면,1213,600,613,1210,600,610,-3,0,-3
4793040000,2023-05-31,경상북도,울진군,매화면,1940,936,1004,1929,925,1004,-11,-11,0
4794025000,2023-05-31,경상북도,울릉군,울릉읍,6402,3560,2842,6420,3566,2854,18,6,12
4794031000,2023-05-31,경상북도,울릉군,서면,910,496,414,916,502,414,6,6,0
4794031500,2023-05-31,경상북도,울릉군,서면태하출장소,445,249,196,447,250,197,2,1,1
4794032000,2023-05-31,경상북도,울릉군,북면,1299,724,575,1302,724,578,3,0,3
4812125000,2023-05-31,경상남도,창원시 의창구,동읍,19188,9821,9367,19125,9785,9340,-63,-36,-27
4812131000,2023-05-31,경상남도,창원시 의창구,북면,43161,21706,21455,43172,21707,21465,11,1,10
4812132000,2023-05-31,경상남도,창원시 의창구,대산면,6898,3470,3428,6891,3460,3431,-7,-10,3
4812151000,2023-05-31,경상남도,창원시 의창구,의창동,49843,25141,24702,49784,25115,24669,-59,-26,-33
4812152000,2023-05-31,경상남도,창원시 의창구,팔룡동,25749,13084,12665,25746,13079,12667,-3,-5,2
4812153000,2023-05-31,경상남도,창원시 의창구,명곡동,40260,20452,19808,40154,20385,19769,-106,-67,-39
4812154000,2023-05-31,경상남도,창원시 의창구,봉림동,30121,15768,14353,30137,15802,14335,16,34,-18
4812351000,2023-05-31,경상남도,창원시 성산구,반송동,40012,20119,19893,39978,20121,19857,-34,2,-36
4812351500,2023-05-31,경상남도,창원시 성산구,용지동,27180,13711,13469,27137,13672,13465,-43,-39,-4
4812352000,2023-05-31,경상남도,창원시 성산구,중앙동,34573,18783,15790,34641,18840,15801,68,57,11
4812353000,2023-05-31,경상남도,창원시 성산구,상남동,26994,13523,13471,26940,13492,13448,-54,-31,-23
4812354000,2023-05-31,경상남도,창원시 성산구,사파동,46039,22780,23259,46069,22788,23281,30,8,22
4812355000,2023-05-31,경상남도,창원시 성산구,가음정동,39034,19720,19314,38875,19653,19222,-159,-67,-92
4812356000,2023-05-31,경상남도,창원시 성산구,성주동,25825,13479,12346,25825,13472,12353,0,-7,7
4812357000,2023-05-31,경상남도,창원시 성산구,웅남동,7436,3945,3491,7428,3942,3486,-8,-3,-5
4812531000,2023-05-31,경상남도,창원시 마산합포구,구산면,4088,2111,1977,4072,2103,1969,-16,-8,-8
4812532000,2023-05-31,경상남도,창원시 마산합포구,진동면,11859,6095,5764,11926,6109,5817,67,14,53
4812533000,2023-05-31,경상남도,창원시 마산합포구,진북면,3254,1728,1526,3248,1722,1526,-6,-6,0
4812534000,2023-05-31,경상남도,창원시 마산합포구,진전면,3753,1867,1886,3758,1874,1884,5,7,-2
4812551000,2023-05-31,경상남도,창원시 마산합포구,현동,13851,6873,6978,13857,6876,6981,6,3,3
4812552000,2023-05-31,경상남도,창원시 마산합포구,가포동,2290,1167,1123,2279,1159,1120,-11,-8,-3
4812553000,2023-05-31,경상남도,창원시 마산합포구,월영동,42002,20815,21187,42014,20834,21180,12,19,-7
4812554000,2023-05-31,경상남도,창원시 마산합포구,문화동,11134,5569,5565,11108,5556,5552,-26,-13,-13
4812556500,2023-05-31,경상남도,창원시 마산합포구,반월중앙동,13846,6725,7121,13837,6711,7126,-9,-14,5
4812557000,2023-05-31,경상남도,창원시 마산합포구,완월동,8763,4252,4511,8762,4249,4513,-1,-3,2
4812558000,2023-05-31,경상남도,창원시 마산합포구,자산동,9851,4812,5039,9807,4791,5016,-44,-21,-23
4812561000,2023-05-31,경상남도,창원시 마산합포구,교방동,15969,7899,8070,15947,7880,8067,-22,-19,-3
4812563000,2023-05-31,경상남도,창원시 마산합포구,오동동,18966,9426,9540,18921,9402,9519,-45,-24,-21
4812564000,2023-05-31,경상남도,창원시 마산합포구,합포동,7013,3527,3486,6989,3510,3479,-24,-17,-7
4812565000,2023-05-31,경상남도,창원시 마산합포구,산호동,11959,5927,6032,11930,5918,6012,-29,-9,-20
4812725000,2023-05-31,경상남도,창원시 마산회원구,내서읍,61946,31045,30901,61805,30968,30837,-141,-77,-64
4812751000,2023-05-31,경상남도,창원시 마산회원구,회원1동,9977,4897,5080,9959,4887,5072,-18,-10,-8
4812752000,2023-05-31,경상남도,창원시 마산회원구,회원2동,9909,4881,5028,9911,4883,5028,2,2,0
4812754500,2023-05-31,경상남도,창원시 마산회원구,석전동,16533,8211,8322,16535,8197,8338,2,-14,16
4812755000,2023-05-31,경상남도,창원시 마산회원구,회성동,5664,2853,2811,5586,2810,2776,-78,-43,-35
4812756000,2023-05-31,경상남도,창원시 마산회원구,양덕1동,10742,5362,5380,10731,5358,5373,-11,-4,-7
4812757000,2023-05-31,경상남도,창원시 마산회원구,양덕2동,30608,15015,15593,30570,15000,15570,-38,-15,-23
4812758000,2023-05-31,경상남도,창원시 마산회원구,합성1동,8967,4513,4454,8969,4516,4453,2,3,-1
4812759000,2023-05-31,경상남도,창원시 마산회원구,합성2동,7332,3663,3669,7365,3679,3686,33,16,17
4812760000,2023-05-31,경상남도,창원시 마산회원구,구암1동,8591,4298,4293,8602,4309,4293,11,11,0
4812761000,2023-05-31,경상남도,창원시 마산회원구,구암2동,9121,4559,4562,9110,4554,4556,-11,-5,-6
4812762000,2023-05-31,경상남도,창원시 마산회원구,봉암동,3053,1705,1348,3050,1704,1346,-3,-1,-2
4812953000,2023-05-31,경상남도,창원시 진해구,충무동,16307,8448,7859,16310,8453,7857,3,5,-2
4812954000,2023-05-31,경상남도,창원시 진해구,여좌동,8193,4053,4140,8180,4054,4126,-13,1,-14
4812955000,2023-05-31,경상남도,창원시 진해구,태백동,3654,1824,1830,3625,1804,1821,-29,-20,-9
4812956000,2023-05-31,경상남도,창원시 진해구,경화동,10826,5463,5363,10824,5456,5368,-2,-7,5
4812957000,2023-05-31,경상남도,창원시 진해구,병암동,7220,3546,3674,7223,3547,3676,3,1,2
4812958000,2023-05-31,경상남도,창원시 진해구,석동,17507,9042,8465,17462,9022,8440,-45,-20,-25
4812959000,2023-05-31,경상남도,창원시 진해구,이동,8476,4495,3981,8466,4485,3981,-10,-10,0
4812960000,2023-05-31,경상남도,창원시 진해구,자은동,20798,10394,10404,20790,10378,10412,-8,-16,8
4812961000,2023-05-31,경상남도,창원시 진해구,덕산동,9858,4879,4979,9857,4876,4981,-1,-3,2
4812962000,2023-05-31,경상남도,창원시 진해구,풍호동,25228,12605,12623,25227,12605,12622,-1,0,-1
4812963000,2023-05-31,경상남도,창원시 진해구,웅천동,13005,6560,6445,12990,6555,6435,-15,-5,-10
4812964000,2023-05-31,경상남도,창원시 진해구,웅동1동,7901,4019,3882,7896,4010,3886,-5,-9,4
4812965000,2023-05-31,경상남도,창원시 진해구,웅동2동,44006,23887,20119,43961,23859,20102,-45,-28,-17
4817025000,2023-05-31,경상남도,진주시,문산읍,7842,3951,3891,7845,3943,3902,3,-8,11
4817031000,2023-05-31,경상남도,진주시,내동면,3987,1988,1999,3987,1989,1998,0,1,-1
4817032000,2023-05-31,경상남도,진주시,정촌면,8712,4430,4282,8686,4412,4274,-26,-18,-8
4817033000,2023-05-31,경상남도,진주시,금곡면,2121,1032,1089,2113,1028,1085,-8,-4,-4
4817035000,2023-05-31,경상남도,진주시,진성면,1850,920,930,1842,916,926,-8,-4,-4
4817036000,2023-05-31,경상남도,진주시,일반성면,2524,1238,1286,2527,1242,1285,3,4,-1
4817037000,2023-05-31,경상남도,진주시,이반성면,1542,782,760,1536,777,759,-6,-5,-1
4817038000,2023-05-31,경상남도,진주시,사봉면,1463,710,753,1457,707,750,-6,-3,-3
4817039000,2023-05-31,경상남도,진주시,지수면,1390,705,685,1378,699,679,-12,-6,-6
4817040000,2023-05-31,경상남도,진주시,대곡면,3068,1533,1535,3052,1523,1529,-16,-10,-6
4817041000,2023-05-31,경상남도,진주시,금산면,20397,10166,10231,20352,10142,10210,-45,-24,-21
4817042000,2023-05-31,경상남도,진주시,집현면,4504,2271,2233,4485,2260,2225,-19,-11,-8
4817043000,2023-05-31,경상남도,진주시,미천면,1549,773,776,1550,775,775,1,2,-1
4817044000,2023-05-31,경상남도,진주시,명석면,3873,1907,1966,3880,1912,1968,7,5,2
4817045000,2023-05-31,경상남도,진주시,대평면,1002,474,528,1003,475,528,1,1,0
4817046000,2023-05-31,경상남도,진주시,수곡면,2191,1078,1113,2189,1081,1108,-2,3,-5
4817051500,2023-05-31,경상남도,진주시,천전동,27489,13608,13881,27466,13581,13885,-23,-27,4
4817055500,2023-05-31,경상남도,진주시,성북동,9941,4899,5042,9945,4901,5044,4,2,2
4817056500,2023-05-31,경상남도,진주시,중앙동,10723,5156,5567,10710,5152,5558,-13,-4,-9
4817059500,2023-05-31,경상남도,진주시,상봉동,13337,6571,6766,13312,6555,6757,-25,-16,-9
4817067300,2023-05-31,경상남도,진주시,상대동,19008,9408,9600,18959,9370,9589,-49,-38,-11
4817067800,2023-05-31,경상남도,진주시,하대동,23605,11771,11834,23600,11774,11826,-5,3,-8
4817068000,2023-05-31,경상남도,진주시,상평동,11175,5690,5485,11164,5678,5486,-11,-12,1
4817069500,2023-05-31,경상남도,진주시,초장동,26294,13290,13004,26284,13293,12991,-10,3,-13
4817071000,2023-05-31,경상남도,진주시,평거동,26572,12691,13881,26593,12681,13912,21,-10,31
4817071500,2023-05-31,경상남도,진주시,신안동,11226,5320,5906,11224,5317,5907,-2,-3,1
4817072000,2023-05-31,경상남도,진주시,이현동,11360,5599,5761,11309,5575,5734,-51,-24,-27
4817073000,2023-05-31,경상남도,진주시,판문동,20655,9828,10827,20621,9811,10810,-34,-17,-17
4817074000,2023-05-31,경상남도,진주시,가호동,29713,15034,14679,29848,15121,14727,135,87,48
4817075000,2023-05-31,경상남도,진주시,충무공동,33631,16579,17052,33702,16619,17083,71,40,31
4822025000,2023-05-31,경상남도,통영시,산양읍,4383,2305,2078,4371,2303,2068,-12,-2,-10
4822031000,2023-05-31,경상남도,통영시,용남면,12033,5999,6034,12004,5973,6031,-29,-26,-3
4822033000,2023-05-31,경상남도,통영시,도산면,2734,1402,1332,2733,1403,1330,-1,1,-2
4822034000,2023-05-31,경상남도,통영시,광도면,30614,15551,15063,30605,15547,15058,-9,-4,-5
4822035000,2023-05-31,경상남도,통영시,욕지면,1922,1102,820,1926,1106,820,4,4,0
4822036000,2023-05-31,경상남도,통영시,한산면,1887,972,915,1883,971,912,-4,-1,-3
4822037000,2023-05-31,경상남도,통영시,사량면,1376,692,684,1377,692,685,1,0,1
4822051000,2023-05-31,경상남도,통영시,도천동,8485,4255,4230,8466,4233,4233,-19,-22,3
4822053000,2023-05-31,경상남도,통영시,명정동,2656,1294,1362,2648,1292,1356,-8,-2,-6
4822055000,2023-05-31,경상남도,통영시,중앙동,3588,1787,1801,3582,1787,1795,-6,0,-6
4822059000,2023-05-31,경상남도,통영시,정량동,8348,4224,4124,8335,4223,4112,-13,-1,-12
4822060000,2023-05-31,경상남도,통영시,북신동,10075,4782,5293,10058,4782,5276,-17,0,-17
4822066500,2023-05-31,경상남도,통영시,미수동,10607,5197,5410,10557,5168,5389,-50,-29,-21
4822067000,2023-05-31,경상남도,통영시,봉평동,9678,4958,4720,9631,4924,4707,-47,-34,-13
4822070000,2023-05-31,경상남도,통영시,무전동,13311,6633,6678,13315,6628,6687,4,-5,9
4824025000,2023-05-31,경상남도,사천시,사천읍,17797,9417,8380,17820,9443,8377,23,26,-3
4824031000,2023-05-31,경상남도,사천시,정동면,13905,6983,6922,13879,6965,6914,-26,-18,-8
4824032000,2023-05-31,경상남도,사천시,사남면,15463,8027,7436,15479,8034,7445,16,7,9
4824033000,2023-05-31,경상남도,사천시,용현면,7231,3627,3604,7206,3617,3589,-25,-10,-15
4824034000,2023-05-31,경상남도,사천시,축동면,1514,785,729,1509,785,724,-5,0,-5
4824035000,2023-05-31,경상남도,사천시,곤양면,3236,1673,1563,3230,1672,1558,-6,-1,-5
4824036000,2023-05-31,경상남도,사천시,곤명면,2730,1364,1366,2724,1365,1359,-6,1,-7
4824037000,2023-05-31,경상남도,사천시,서포면,3422,1692,1730,3424,1693,1731,2,1,1
4824051000,2023-05-31,경상남도,사천시,동서동,5593,2706,2887,5583,2704,2879,-10,-2,-8
4824052000,2023-05-31,경상남도,사천시,선구동,4794,2351,2443,4812,2363,2449,18,12,6
4824053000,2023-05-31,경상남도,사천시,동서금동,6180,2990,3190,6171,2984,3187,-9,-6,-3
4824055000,2023-05-31,경상남도,사천시,벌용동,15118,7327,7791,15102,7326,7776,-16,-1,-15
4824057000,2023-05-31,경상남도,사천시,향촌동,6859,3615,3244,6836,3604,3232,-23,-11,-12
4824059500,2023-05-31,경상남도,사천시,남양동,5007,2459,2548,4987,2444,2543,-20,-15,-5
4824089000,2023-05-31,경상남도,사천시,신수출장소,241,121,120,240,120,120,-1,-1,0
4825025000,2023-05-31,경상남도,김해시,진영읍,54873,28235,26638,54882,28242,26640,9,7,2
4825032000,2023-05-31,경상남도,김해시,주촌면,19282,9875,9407,19413,9936,9477,131,61,70
4825033000,2023-05-31,경상남도,김해시,진례면,6097,3348,2749,6072,3329,2743,-25,-19,-6
4825034000,2023-05-31,경상남도,김해시,한림면,6939,3794,3145,6907,3774,3133,-32,-20,-12
4825035000,2023-05-31,경상남도,김해시,생림면,3642,1951,1691,3627,1940,1687,-15,-11,-4
4825036000,2023-05-31,경상남도,김해시,상동면,3075,1702,1373,3063,1695,1368,-12,-7,-5
4825037000,2023-05-31,경상남도,김해시,대동면,5381,2783,2598,5368,2781,2587,-13,-2,-11
4825051000,2023-05-31,경상남도,김해시,동상동,9250,4735,4515,9225,4718,4507,-25,-17,-8
4825052000,2023-05-31,경상남도,김해시,회현동,8647,4307,4340,8612,4294,4318,-35,-13,-22
4825053000,2023-05-31,경상남도,김해시,부원동,9420,4831,4589,9413,4816,4597,-7,-15,8
4825054000,2023-05-31,경상남도,김해시,내외동,72398,36096,36302,72322,36066,36256,-76,-30,-46
4825055000,2023-05-31,경상남도,김해시,북부동,82063,41023,41040,82013,40983,41030,-50,-40,-10
4825056500,2023-05-31,경상남도,김해시,칠산서부동,9167,4871,4296,9173,4874,4299,6,3,3
4825058000,2023-05-31,경상남도,김해시,활천동,38664,19737,18927,38592,19697,18895,-72,-40,-32
4825059000,2023-05-31,경상남도,김해시,삼안동,31553,16185,15368,31540,16184,15356,-13,-1,-12
4825060000,2023-05-31,경상남도,김해시,불암동,7141,3651,3490,7139,3650,3489,-2,-1,-1
4825061000,2023-05-31,경상남도,김해시,장유1동,55641,27667,27974,55628,27690,27938,-13,23,-36
4825062000,2023-05-31,경상남도,김해시,장유2동,35925,18145,17780,35884,18117,17767,-41,-28,-13
4825063000,2023-05-31,경상남도,김해시,장유3동,74134,36679,37455,74169,36695,37474,35,16,19
4827025000,2023-05-31,경상남도,밀양시,삼랑진읍,5081,2528,2553,5091,2536,2555,10,8,2
4827025100,2023-05-31,경상남도,밀양시,삼랑진임천출장소,1260,628,632,1263,627,636,3,-1,4
4827025300,2023-05-31,경상남도,밀양시,하남읍,6846,3419,3427,6821,3407,3414,-25,-12,-13
4827031000,2023-05-31,경상남도,밀양시,부북면,5015,2621,2394,5022,2619,2403,7,-2,9
4827032000,2023-05-31,경상남도,밀양시,상동면,3106,1484,1622,3092,1477,1615,-14,-7,-7
4827033000,2023-05-31,경상남도,밀양시,산외면,2785,1422,1363,2788,1424,1364,3,2,1
4827034000,2023-05-31,경상남도,밀양시,산내면,3786,1947,1839,3774,1941,1833,-12,-6,-6
4827035000,2023-05-31,경상남도,밀양시,단장면,4276,2116,2160,4289,2123,2166,13,7,6
4827036000,2023-05-31,경상남도,밀양시,상남면,7963,3989,3974,7953,3990,3963,-10,1,-11
4827037000,2023-05-31,경상남도,밀양시,초동면,3365,1679,1686,3362,1681,1681,-3,2,-5
4827038000,2023-05-31,경상남도,밀양시,무안면,4830,2392,2438,4825,2395,2430,-5,3,-8
4827039000,2023-05-31,경상남도,밀양시,청도면,1736,849,887,1731,848,883,-5,-1,-4
4827051000,2023-05-31,경상남도,밀양시,내일동,2582,1258,1324,2588,1265,1323,6,7,-1
4827052000,2023-05-31,경상남도,밀양시,내이동,17452,8678,8774,17507,8712,8795,55,34,21
4827053000,2023-05-31,경상남도,밀양시,삼문동,19643,9400,10243,19620,9392,10228,-23,-8,-15
4827054000,2023-05-31,경상남도,밀양시,가곡동,7603,3581,4022,7589,3576,4013,-14,-5,-9
4827055000,2023-05-31,경상남도,밀양시,교동,5391,2605,2786,5370,2592,2778,-21,-13,-8
4831031000,2023-05-31,경상남도,거제시,일운면,8080,4104,3976,8063,4099,3964,-17,-5,-12
4831032000,2023-05-31,경상남도,거제시,동부면,3008,1569,1439,3006,1570,1436,-2,1,-3
4831033000,2023-05-31,경상남도,거제시,남부면,1508,767,741,1511,770,741,3,3,0
4831034000,2023-05-31,경상남도,거제시,거제면,7132,3531,3601,7119,3521,3598,-13,-10,-3
4831035000,2023-05-31,경상남도,거제시,둔덕면,2742,1407,1335,2734,1405,1329,-8,-2,-6
4831036000,2023-05-31,경상남도,거제시,사등면,11373,5922,5451,11334,5892,5442,-39,-30,-9
4831036600,2023-05-31,경상남도,거제시,사등면가조출장소,1051,538,513,1055,541,514,4,3,1
4831037000,2023-05-31,경상남도,거제시,연초면,7751,4295,3456,7746,4290,3456,-5,-5,0
4831038000,2023-05-31,경상남도,거제시,하청면,3360,1731,1629,3359,1732,1627,-1,1,-2
4831038500,2023-05-31,경상남도,거제시,하청면칠천출장소,1034,529,505,1029,527,502,-5,-2,-3
4831039000,2023-05-31,경상남도,거제시,장목면,2962,1505,1457,2949,1500,1449,-13,-5,-8
4831039500,2023-05-31,경상남도,거제시,장목면외포출장소,1333,669,664,1328,671,657,-5,2,-7
4831051000,2023-05-31,경상남도,거제시,장승포동,5554,3023,2531,5536,3022,2514,-18,-1,-17
4831053000,2023-05-31,경상남도,거제시,능포동,8811,4781,4030,8802,4767,4035,-9,-14,5
4831054000,2023-05-31,경상남도,거제시,아주동,26319,14143,12176,26267,14117,12150,-52,-26,-26
4831055000,2023-05-31,경상남도,거제시,옥포1동,6839,3634,3205,6818,3619,3199,-21,-15,-6
4831056000,2023-05-31,경상남도,거제시,옥포2동,25009,13047,11962,24965,13032,11933,-44,-15,-29
4831057000,2023-05-31,경상남도,거제시,장평동,20675,11681,8994,20658,11667,8991,-17,-14,-3
4831058000,2023-05-31,경상남도,거제시,고현동,34542,17701,16841,34579,17720,16859,37,19,18
4831059000,2023-05-31,경상남도,거제시,상문동,33190,16816,16374,33130,16786,16344,-60,-30,-30
4831060000,2023-05-31,경상남도,거제시,수양동,22950,11666,11284,22938,11655,11283,-12,-11,-1
4833025300,2023-05-31,경상남도,양산시,물금읍,119987,59274,60713,119877,59188,60689,-110,-86,-24
4833031000,2023-05-31,경상남도,양산시,동면,42135,21308,20827,42985,21742,21243,850,434,416
4833032000,2023-05-31,경상남도,양산시,원동면,3324,1685,1639,3329,1688,1641,5,3,2
4833033000,2023-05-31,경상남도,양산시,상북면,12197,6221,5976,12146,6191,5955,-51,-30,-21
4833034000,2023-05-31,경상남도,양산시,하북면,7936,4112,3824,7909,4096,3813,-27,-16,-11
4833051000,2023-05-31,경상남도,양산시,중앙동,11069,5868,5201,11026,5843,5183,-43,-25,-18
4833051500,2023-05-31,경상남도,양산시,양주동,31759,15282,16477,31664,15249,16415,-95,-33,-62
4833052000,2023-05-31,경상남도,양산시,삼성동,21005,11065,9940,20963,11041,9922,-42,-24,-18
4833053000,2023-05-31,경상남도,양산시,강서동,8742,4387,4355,8731,4382,4349,-11,-5,-6
4833054000,2023-05-31,경상남도,양산시,서창동,27747,14494,13253,27758,14492,13266,11,-2,13
4833055000,2023-05-31,경상남도,양산시,소주동,19885,9903,9982,19842,9880,9962,-43,-23,-20
4833056000,2023-05-31,경상남도,양산시,평산동,30111,14681,15430,29981,14617,15364,-130,-64,-66
4833057000,2023-05-31,경상남도,양산시,덕계동,18107,8936,9171,18054,8906,9148,-53,-30,-23
4872025000,2023-05-31,경상남도,의령군,의령읍,9255,4619,4636,9226,4603,4623,-29,-16,-13
4872031000,2023-05-31,경상남도,의령군,가례면,1639,817,822,1636,820,816,-3,3,-6
4872032000,2023-05-31,경상남도,의령군,칠곡면,1132,551,581,1139,554,585,7,3,4
4872033000,2023-05-31,경상남도,의령군,대의면,1028,508,520,1031,509,522,3,1,2
4872034000,2023-05-31,경상남도,의령군,화정면,1486,739,747,1482,738,744,-4,-1,-3
4872035000,2023-05-31,경상남도,의령군,용덕면,1478,754,724,1493,764,729,15,10,5
4872036000,2023-05-31,경상남도,의령군,정곡면,1400,686,714,1389,681,708,-11,-5,-6
4872037000,2023-05-31,경상남도,의령군,지정면,1807,921,886,1810,924,886,3,3,0
4872038000,2023-05-31,경상남도,의령군,낙서면,711,335,376,712,337,375,1,2,-1
4872039000,2023-05-31,경상남도,의령군,부림면,2717,1319,1398,2712,1317,1395,-5,-2,-3
4872040000,2023-05-31,경상남도,의령군,봉수면,977,509,468,969,509,460,-8,0,-8
4872041500,2023-05-31,경상남도,의령군,궁류면,1118,532,586,1104,524,580,-14,-8,-6
4872042000,2023-05-31,경상남도,의령군,유곡면,1113,542,571,1114,544,570,1,2,-1
4873025000,2023-05-31,경상남도,함안군,가야읍,17664,8953,8711,17619,8927,8692,-45,-26,-19
4873025300,2023-05-31,경상남도,함안군,칠원읍,18583,9436,9147,18557,9418,9139,-26,-18,-8
4873031000,2023-05-31,경상남도,함안군,함안면,2380,1215,1165,2370,1211,1159,-10,-4,-6
4873032000,2023-05-31,경상남도,함안군,군북면,5814,3061,2753,5812,3062,2750,-2,1,-3
4873033000,2023-05-31,경상남도,함안군,법수면,2772,1432,1340,2766,1429,1337,-6,-3,-3
4873034000,2023-05-31,경상남도,함안군,대산면,3295,1665,1630,3283,1659,1624,-12,-6,-6
4873035000,2023-05-31,경상남도,함안군,칠서면,5102,2686,2416,5090,2678,2412,-12,-8,-4
4873036000,2023-05-31,경상남도,함안군,칠북면,1853,964,889,1850,966,884,-3,2,-5
4873038000,2023-05-31,경상남도,함안군,산인면,2660,1334,1326,2670,1347,1323,10,13,-3
4873039000,2023-05-31,경상남도,함안군,여항면,888,464,424,893,465,428,5,1,4
4874025000,2023-05-31,경상남도,창녕군,창녕읍,15996,7961,8035,16012,7970,8042,16,9,7
4874025300,2023-05-31,경상남도,창녕군,남지읍,11782,5897,5885,11767,5889,5878,-15,-8,-7
4874031000,2023-05-31,경상남도,창녕군,고암면,1764,879,885,1751,871,880,-13,-8,-5
4874032000,2023-05-31,경상남도,창녕군,성산면,1553,738,815,1559,744,815,6,6,0
4874033000,2023-05-31,경상남도,창녕군,대합면,3681,1876,1805,3675,1870,1805,-6,-6,0
4874034000,2023-05-31,경상남도,창녕군,이방면,2373,1125,1248,2357,1121,1236,-16,-4,-12
4874035000,2023-05-31,경상남도,창녕군,유어면,1715,844,871,1704,844,860,-11,0,-11
4874036000,2023-05-31,경상남도,창녕군,대지면,2387,1238,1149,2373,1230,1143,-14,-8,-6
4874037000,2023-05-31,경상남도,창녕군,계성면,2202,1110,1092,2201,1112,1089,-1,2,-3
4874038000,2023-05-31,경상남도,창녕군,영산면,5103,2583,2520,5091,2581,2510,-12,-2,-10
4874039000,2023-05-31,경상남도,창녕군,장마면,1836,921,915,1816,908,908,-20,-13,-7
4874040000,2023-05-31,경상남도,창녕군,도천면,2607,1318,1289,2598,1315,1283,-9,-3,-6
4874041000,2023-05-31,경상남도,창녕군,길곡면,1468,743,725,1466,740,726,-2,-3,1
4874042000,2023-05-31,경상남도,창녕군,부곡면,3461,1714,1747,3461,1718,1743,0,4,-4
4882025000,2023-05-31,경상남도,고성군,고성읍,23646,11857,11789,23576,11820,11756,-70,-37,-33
4882031000,2023-05-31,경상남도,고성군,삼산면,1751,914,837,1750,914,836,-1,0,-1
4882032000,2023-05-31,경상남도,고성군,하일면,1819,890,929,1821,891,930,2,1,1
4882033000,2023-05-31,경상남도,고성군,하이면,2613,1348,1265,2599,1340,1259,-14,-8,-6
4882034000,2023-05-31,경상남도,고성군,상리면,1593,806,787,1587,802,785,-6,-4,-2
4882035000,2023-05-31,경상남도,고성군,대가면,1648,847,801,1659,850,809,11,3,8
4882036000,2023-05-31,경상남도,고성군,영현면,868,404,464,863,400,463,-5,-4,-1
4882037000,2023-05-31,경상남도,고성군,영오면,1408,704,704,1399,700,699,-9,-4,-5
4882038000,2023-05-31,경상남도,고성군,개천면,1105,551,554,1093,547,546,-12,-4,-8
4882039000,2023-05-31,경상남도,고성군,구만면,1006,498,508,1004,497,507,-2,-1,-1
4882040000,2023-05-31,경상남도,고성군,회화면,3493,1730,1763,3502,1735,1767,9,5,4
4882041000,2023-05-31,경상남도,고성군,마암면,1708,844,864,1703,845,858,-5,1,-6
4882042000,2023-05-31,경상남도,고성군,동해면,3085,1599,1486,3080,1598,1482,-5,-1,-4
4882043000,2023-05-31,경상남도,고성군,거류면,4282,2187,2095,4276,2189,2087,-6,2,-8
4884025000,2023-05-31,경상남도,남해군,남해읍,12825,6305,6520,12793,6294,6499,-32,-11,-21
4884031000,2023-05-31,경상남도,남해군,이동면,3668,1776,1892,3663,1776,1887,-5,0,-5
4884032000,2023-05-31,경상남도,남해군,상주면,1625,802,823,1623,802,821,-2,0,-2
4884033000,2023-05-31,경상남도,남해군,삼동면,3804,1858,1946,3799,1851,1948,-5,-7,2
4884034000,2023-05-31,경상남도,남해군,미조면,2133,1111,1022,2142,1118,1024,9,7,2
4884035000,2023-05-31,경상남도,남해군,남면,3355,1617,1738,3346,1608,1738,-9,-9,0
4884036000,2023-05-31,경상남도,남해군,서면,2474,1206,1268,2456,1196,1260,-18,-10,-8
4884037000,2023-05-31,경상남도,남해군,고현면,3354,1591,1763,3344,1590,1754,-10,-1,-9
4884038000,2023-05-31,경상남도,남해군,설천면,2741,1296,1445,2735,1297,1438,-6,1,-7
4884039000,2023-05-31,경상남도,남해군,창선면,5415,2575,2840,5397,2569,2828,-18,-6,-12
4885025000,2023-05-31,경상남도,하동군,하동읍,9504,4675,4829,9491,4670,4821,-13,-5,-8
4885031000,2023-05-31,경상남도,하동군,화개면,2952,1483,1469,2945,1478,1467,-7,-5,-2
4885032000,2023-05-31,경상남도,하동군,악양면,3440,1722,1718,3447,1724,1723,7,2,5
4885033000,2023-05-31,경상남도,하동군,적량면,1863,921,942,1855,917,938,-8,-4,-4
4885034000,2023-05-31,경상남도,하동군,횡천면,1814,892,922,1811,890,921,-3,-2,-1
4885035000,2023-05-31,경상남도,하동군,고전면,2075,1025,1050,2071,1022,1049,-4,-3,-1
4885036000,2023-05-31,경상남도,하동군,금남면,3250,1669,1581,3255,1674,1581,5,5,0
4885037000,2023-05-31,경상남도,하동군,진교면,5709,2844,2865,5715,2848,2867,6,4,2
4885038000,2023-05-31,경상남도,하동군,양보면,1649,815,834,1646,813,833,-3,-2,-1
4885039000,2023-05-31,경상남도,하동군,북천면,1602,783,819,1598,780,818,-4,-3,-1
4885040000,2023-05-31,경상남도,하동군,청암면,1376,724,652,1375,723,652,-1,-1,0
4885041000,2023-05-31,경상남도,하동군,옥종면,4156,2105,2051,4156,2109,2047,0,4,-4
4885042000,2023-05-31,경상남도,하동군,금성면,2804,1471,1333,2806,1475,1331,2,4,-2
4886025000,2023-05-31,경상남도,산청군,산청읍,6762,3290,3472,6752,3287,3465,-10,-3,-7
4886031000,2023-05-31,경상남도,산청군,차황면,1378,688,690,1375,685,690,-3,-3,0
4886032000,2023-05-31,경상남도,산청군,오부면,1041,513,528,1041,514,527,0,1,-1
4886033000,2023-05-31,경상남도,산청군,생초면,1947,955,992,1937,951,986,-10,-4,-6
4886034000,2023-05-31,경상남도,산청군,금서면,2819,1401,1418,2819,1396,1423,0,-5,5
4886035000,2023-05-31,경상남도,산청군,삼장면,1813,898,915,1817,894,923,4,-4,8
4886036000,2023-05-31,경상남도,산청군,시천면,4021,2013,2008,4022,2011,2011,1,-2,3
4886037000,2023-05-31,경상남도,산청군,단성면,5696,2895,2801,5679,2885,2794,-17,-10,-7
4886038000,2023-05-31,경상남도,산청군,신안면,5548,2740,2808,5550,2745,2805,2,5,-3
4886039000,2023-05-31,경상남도,산청군,생비량면,1128,546,582,1130,546,584,2,0,2
4886040000,2023-05-31,경상남도,산청군,신등면,2028,1022,1006,2023,1023,1000,-5,1,-6
4887025000,2023-05-31,경상남도,함양군,함양읍,17714,8608,9106,17694,8598,9096,-20,-10,-10
4887031000,2023-05-31,경상남도,함양군,마천면,2042,998,1044,2043,994,1049,1,-4,5
4887032000,2023-05-31,경상남도,함양군,휴천면,1482,739,743,1486,741,745,4,2,2
4887033000,2023-05-31,경상남도,함양군,유림면,1610,767,843,1612,767,845,2,0,2
4887034000,2023-05-31,경상남도,함양군,수동면,2279,1135,1144,2279,1135,1144,0,0,0
4887035000,2023-05-31,경상남도,함양군,지곡면,2022,977,1045,2021,975,1046,-1,-2,1
4887036000,2023-05-31,경상남도,함양군,안의면,4288,1999,2289,4287,1999,2288,-1,0,-1
4887037000,2023-05-31,경상남도,함양군,서하면,1358,646,712,1354,644,710,-4,-2,-2
4887038000,2023-05-31,경상남도,함양군,서상면,1745,831,914,1758,837,921,13,6,7
4887039000,2023-05-31,경상남도,함양군,백전면,1544,796,748,1540,794,746,-4,-2,-2
4887040000,2023-05-31,경상남도,함양군,병곡면,1285,636,649,1285,637,648,0,1,-1
4888025000,2023-05-31,경상남도,거창군,거창읍,40032,19765,20267,40007,19760,20247,-25,-5,-20
4888031000,2023-05-31,경상남도,거창군,주상면,1529,766,763,1531,766,765,2,0,2
4888032000,2023-05-31,경상남도,거창군,웅양면,1817,901,916,1813,899,914,-4,-2,-2
4888033000,2023-05-31,경상남도,거창군,고제면,1391,700,691,1392,701,691,1,1,0
4888034000,2023-05-31,경상남도,거창군,북상면,1531,748,783,1525,746,779,-6,-2,-4
4888035000,2023-05-31,경상남도,거창군,위천면,1980,960,1020,1979,960,1019,-1,0,-1
4888036000,2023-05-31,경상남도,거창군,마리면,1984,960,1024,1985,959,1026,1,-1,2
4888037000,2023-05-31,경상남도,거창군,남상면,2298,1116,1182,2282,1109,1173,-16,-7,-9
4888038000,2023-05-31,경상남도,거창군,남하면,1419,678,741,1414,674,740,-5,-4,-1
4888039000,2023-05-31,경상남도,거창군,신원면,1545,748,797,1538,743,795,-7,-5,-2
4888040000,2023-05-31,경상남도,거창군,가조면,3550,1727,1823,3562,1729,1833,12,2,10
4888041000,2023-05-31,경상남도,거창군,가북면,1359,664,695,1360,667,693,1,3,-2
4889025000,2023-05-31,경상남도,합천군,합천읍,10902,5313,5589,10882,5301,5581,-20,-12,-8
4889031000,2023-05-31,경상남도,합천군,봉산면,1401,710,691,1406,716,690,5,6,-1
4889032000,2023-05-31,경상남도,합천군,묘산면,1500,739,761,1499,738,761,-1,-1,0
4889033000,2023-05-31,경상남도,합천군,가야면,4047,1985,2062,4043,1986,2057,-4,1,-5
4889034000,2023-05-31,경상남도,합천군,야로면,2306,1098,1208,2307,1102,1205,1,4,-3
4889035000,2023-05-31,경상남도,합천군,율곡면,2157,1094,1063,2156,1090,1066,-1,-4,3
4889036000,2023-05-31,경상남도,합천군,초계면,2292,1098,1194,2293,1099,1194,1,1,0
4889037000,2023-05-31,경상남도,합천군,쌍책면,1221,595,626,1215,591,624,-6,-4,-2
4889038000,2023-05-31,경상남도,합천군,덕곡면,829,418,411,823,415,408,-6,-3,-3
4889039000,2023-05-31,경상남도,합천군,청덕면,1559,761,798,1553,758,795,-6,-3,-3
4889040000,2023-05-31,경상남도,합천군,적중면,1341,629,712,1342,629,713,1,0,1
4889041000,2023-05-31,경상남도,합천군,대양면,1754,884,870,1738,878,860,-16,-6,-10
4889042000,2023-05-31,경상남도,합천군,쌍백면,1694,812,882,1696,813,883,2,1,1
4889043000,2023-05-31,경상남도,합천군,삼가면,3064,1414,1650,3057,1409,1648,-7,-5,-2
4889044000,2023-05-31,경상남도,합천군,가회면,1742,857,885,1735,856,879,-7,-1,-6
4889045000,2023-05-31,경상남도,합천군,대병면,1918,921,997,1916,924,992,-2,3,-5
4889046000,2023-05-31,경상남도,합천군,용주면,2141,1057,1084,2135,1057,1078,-6,0,-6
5011025000,2023-05-31,제주특별자치도,제주시,한림읍,20998,10825,10173,20999,10810,10189,1,-15,16
5011025300,2023-05-31,제주특별자치도,제주시,애월읍,37571,19268,18303,37656,19310,18346,85,42,43
5011025600,2023-05-31,제주특별자치도,제주시,구좌읍,15380,7865,7515,15393,7865,7528,13,0,13
5011025900,2023-05-31,제주특별자치도,제주시,조천읍,25740,13188,12552,25781,13215,12566,41,27,14
5011031000,2023-05-31,제주특별자치도,제주시,한경면,9512,4742,4770,9539,4749,4790,27,7,20
5011032000,2023-05-31,제주특별자치도,제주시,추자면,1594,867,727,1591,864,727,-3,-3,0
5011033000,2023-05-31,제주특별자치도,제주시,우도면,1655,878,777,1660,882,778,5,4,1
5011051000,2023-05-31,제주특별자치도,제주시,일도1동,2258,1186,1072,2249,1184,1065,-9,-2,-7
5011052000,2023-05-31,제주특별자치도,제주시,일도2동,31844,15649,16195,31817,15626,16191,-27,-23,-4
5011053000,2023-05-31,제주특별자치도,제주시,이도1동,7647,3772,3875,7657,3782,3875,10,10,0
5011054000,2023-05-31,제주특별자치도,제주시,이도2동,49043,23933,25110,49003,23898,25105,-40,-35,-5
5011055000,2023-05-31,제주특별자치도,제주시,삼도1동,13090,6412,6678,13053,6398,6655,-37,-14,-23
5011056000,2023-05-31,제주특별자치도,제주시,삼도2동,7805,4058,3747,7799,4062,3737,-6,4,-10
5011057000,2023-05-31,제주특별자치도,제주시,용담1동,6747,3511,3236,6738,3496,3242,-9,-15,6
5011058000,2023-05-31,제주특별자치도,제주시,용담2동,13996,7091,6905,13984,7089,6895,-12,-2,-10
5011059000,2023-05-31,제주특별자치도,제주시,건입동,8848,4486,4362,8838,4480,4358,-10,-6,-4
5011060000,2023-05-31,제주특별자치도,제주시,화북동,23582,11720,11862,23550,11695,11855,-32,-25,-7
5011061000,2023-05-31,제주특별자치도,제주시,삼양동,26362,13203,13159,26379,13211,13168,17,8,9
5011062000,2023-05-31,제주특별자치도,제주시,봉개동,5242,2727,2515,5258,2733,2525,16,6,10
5011063000,2023-05-31,제주특별자치도,제주시,아라동,39423,19380,20043,39460,19419,20041,37,39,-2
5011064000,2023-05-31,제주특별자치도,제주시,오라동,16044,8098,7946,16028,8082,7946,-16,-16,0
5011065000,2023-05-31,제주특별자치도,제주시,연동,42376,20772,21604,42410,20785,21625,34,13,21
5011066000,2023-05-31,제주특별자치도,제주시,노형동,55598,27224,28374,55606,27239,28367,8,15,-7
5011067000,2023-05-31,제주특별자치도,제주시,외도동,22553,11300,11253,22532,11293,11239,-21,-7,-14
5011068000,2023-05-31,제주특별자치도,제주시,이호동,4427,2323,2104,4433,2327,2106,6,4,2
5011069000,2023-05-31,제주특별자치도,제주시,도두동,3300,1740,1560,3293,1734,1559,-7,-6,-1
5013025000,2023-05-31,제주특별자치도,서귀포시,대정읍,22145,10704,11441,22062,10669,11393,-83,-35,-48
5013025300,2023-05-31,제주특별자치도,서귀포시,남원읍,18378,9500,8878,18382,9493,8889,4,-7,11
5013025900,2023-05-31,제주특별자치도,서귀포시,성산읍,15370,8085,7285,15378,8087,7291,8,2,6
5013031000,2023-05-31,제주특별자치도,서귀포시,안덕면,12519,6496,6023,12500,6474,6026,-19,-22,3
5013032000,2023-05-31,제주특별자치도,서귀포시,표선면,12647,6442,6205,12643,6429,6214,-4,-13,9
5013051000,2023-05-31,제주특별자치도,서귀포시,송산동,3909,2041,1868,3883,2021,1862,-26,-20,-6
5013052000,2023-05-31,제주특별자치도,서귀포시,정방동,2132,1060,1072,2128,1065,1063,-4,5,-9
5013053000,2023-05-31,제주특별자치도,서귀포시,중앙동,3197,1540,1657,3183,1529,1654,-14,-11,-3
5013054000,2023-05-31,제주특별자치도,서귀포시,천지동,3480,1745,1735,3459,1727,1732,-21,-18,-3
5013055000,2023-05-31,제주특별자치도,서귀포시,효돈동,5324,2656,2668,5327,2656,2671,3,0,3
5013056000,2023-05-31,제주특별자치도,서귀포시,영천동,5330,2692,2638,5322,2686,2636,-8,-6,-2
5013057000,2023-05-31,제주특별자치도,서귀포시,동홍동,23400,11357,12043,23475,11404,12071,75,47,28
5013058000,2023-05-31,제주특별자치도,서귀포시,서홍동,11230,5540,5690,11200,5525,5675,-30,-15,-15
5013059000,2023-05-31,제주특별자치도,서귀포시,대륜동,15586,7832,7754,15586,7829,7757,0,-3,3
5013060000,2023-05-31,제주특별자치도,서귀포시,대천동,13640,6929,6711,13627,6927,6700,-13,-2,-11
5013061000,2023-05-31,제주특별자치도,서귀포시,중문동,12294,6250,6044,12309,6257,6052,15,7,8
5013062000,2023-05-31,제주특별자치도,서귀포시,예래동,3899,1999,1900,3887,1989,1898,-12,-10,-2
